1 8 8
2 8 8
3 8 8
4 8 8
5 8 8
6 8 8
7 8 8
8 8 8
9 8 8
10 8 8
11 2 2
12 2 2
13 2 2
14 2 2
15 2 2
16 2 2
17 2 2
18 2 2
19 2 2
20 2 2
21 8 8
22 8 8
23 8 8
24 4 4
25 4 4
26 4 4
27 4 4
28 4 4
29 8 8
30 8 8
31 8 8
32 8 8
33 8 8
34 8 8
35 8 8
36 8 8
37 8 8
38 8 8
39 8 8
40 8 8
41 6 6
42 6 6
43 6 6
44 6 6
45 6 6
46 6 6
47 6 6
48 6 6
49 6 6
50 7 7
51 9 9
52 9 9
53 9 9
54 4 4
55 4 4
56 4 4
57 4 4
58 9 9
59 4 4
60 4 4
61 1 1
62 1 1
63 1 1
64 1 1
65 1 1
66 1 1
67 1 1
68 1 1
69 1 1
70 1 1
71 3 3
72 3 3
73 3 3
74 3 3
75 3 3
76 3 3
77 3 3
78 3 3
79 3 3
80 3 3
81 7 7
82 7 7
83 7 7
84 7 7
85 7 7
86 7 7
87 7 7
88 7 7
89 7 7
90 7 7
91 5 5
92 5 5
93 5 5
94 5 5
95 5 5
96 5 5
97 5 5
98 5 5
99 7 7
100 3 3
