  0.00   0.27
  0.00   0.22
  0.00   0.22
  0.06   0.35
  0.00   0.30
  0.06   0.12
  0.00   0.30
  0.00   0.19
  0.00   0.33
  0.00   0.25
  1.16   0.07
  1.28   0.03
  2.24   0.04
  1.30   0.10
  0.43   0.07
  0.82   0.10
  2.10   0.02
  2.77   0.45
  0.76   0.05
  2.43   0.04
  0.10   0.12
  0.69   0.04
  0.82   0.11
  0.49   0.14
  0.47   0.06
  0.55   0.09
  1.04   0.20
  1.02   0.03
  1.03   0.15
  0.96   0.03
  1.42   0.05
  1.03   0.10
  1.54   0.01
  1.18   0.11
  0.28   0.09
  0.13   0.11
  1.00   0.04
  1.67   0.22
  0.93   0.03
  0.02   0.14
  1.53   0.02
  0.15   0.19
  0.15   0.10
  1.63   0.33
  0.76   0.05
  0.92   0.09
  1.06   0.05
  0.71   0.04
  0.74   0.12
  0.00   0.22
  1.49   0.18
  0.99   0.05
  1.20   0.04
  1.91   0.02
  2.23   0.04
  2.34   0.02
  0.90   0.05
  0.20   0.10
  0.15   0.10
  2.75   0.33
  5.41   0.02
  3.43   0.03
  5.64   0.45
  1.45   0.05
  4.41   0.03
  5.13   0.02
  5.54   0.03
  3.51   0.02
  3.74   0.03
  3.46   0.04
  0.95   0.02
  1.24   0.14
  3.20   0.29
  0.52   0.07
  3.10   0.02
  3.06   0.02
  0.81   0.07
  3.03   0.01
  0.06   0.14
  1.50   0.08
  1.73   0.21
  1.31   0.06
  1.62   0.03
  1.38   0.04
  0.86   0.09
  0.70   0.11
  0.63   0.05
  0.95   0.06
  1.69   0.08
  0.15   0.10
  0.46   0.09
  1.79   0.03
  1.41   0.11
  0.99   0.04
  1.55   0.04
  1.55   0.05
  0.92   0.05
  2.37   0.29
  0.00   0.17
  0.17   0.13
