2.050000000000000266e+00 2.800000000000000000e+01 1.000000000000000000e+00
1.550000000000000044e+00 2.684999999999999787e+01 1.000000000000000000e+00
1.599999999999999867e+00 2.344999999999999929e+01 2.000000000000000000e+00
1.050000000000000044e+00 2.325000000000000000e+01 2.000000000000000000e+00
6.999999999999999556e-01 2.255000000000000071e+01 2.000000000000000000e+00
8.500000000000000888e-01 2.155000000000000071e+01 2.000000000000000000e+00
1.300000000000000044e+00 2.225000000000000000e+01 2.000000000000000000e+00
1.550000000000000044e+00 2.284999999999999787e+01 2.000000000000000000e+00
2.149999999999999911e+00 2.300000000000000000e+01 2.000000000000000000e+00
2.600000000000000089e+00 2.264999999999999858e+01 2.000000000000000000e+00
2.000000000000000000e+00 2.219999999999999929e+01 2.000000000000000000e+00
2.700000000000000178e+00 2.205000000000000071e+01 2.000000000000000000e+00
3.150000000000000355e+00 2.159999999999999787e+01 2.000000000000000000e+00
2.100000000000000089e+00 2.144999999999999929e+01 2.000000000000000000e+00
1.550000000000000044e+00 2.164999999999999858e+01 2.000000000000000000e+00
1.550000000000000044e+00 2.109999999999999787e+01 2.000000000000000000e+00
1.449999999999999956e+00 2.055000000000000071e+01 2.000000000000000000e+00
1.949999999999999956e+00 2.025000000000000000e+01 2.000000000000000000e+00
2.200000000000000178e+00 2.080000000000000071e+01 2.000000000000000000e+00
2.700000000000000178e+00 2.119999999999999929e+01 2.000000000000000000e+00
1.899999999999999911e+00 1.925000000000000000e+01 2.000000000000000000e+00
2.600000000000000089e+00 2.025000000000000000e+01 2.000000000000000000e+00
3.250000000000000000e+00 2.064999999999999858e+01 2.000000000000000000e+00
3.900000000000000355e+00 2.064999999999999858e+01 2.000000000000000000e+00
3.650000000000000355e+00 2.009999999999999787e+01 2.000000000000000000e+00
3.150000000000000355e+00 1.969999999999999929e+01 2.000000000000000000e+00
2.600000000000000089e+00 1.959999999999999787e+01 2.000000000000000000e+00
2.600000000000000089e+00 1.844999999999999929e+01 2.000000000000000000e+00
3.050000000000000266e+00 1.894999999999999929e+01 2.000000000000000000e+00
3.450000000000000178e+00 1.925000000000000000e+01 2.000000000000000000e+00
4.150000000000000355e+00 1.980000000000000071e+01 2.000000000000000000e+00
2.900000000000000355e+00 1.800000000000000000e+01 2.000000000000000000e+00
3.650000000000000355e+00 1.825000000000000000e+01 2.000000000000000000e+00
4.000000000000000000e+00 1.875000000000000000e+01 2.000000000000000000e+00
4.200000000000000178e+00 1.930000000000000071e+01 2.000000000000000000e+00
4.650000000000000355e+00 2.009999999999999787e+01 2.000000000000000000e+00
4.850000000000000533e+00 1.934999999999999787e+01 2.000000000000000000e+00
5.049999999999999822e+00 1.864999999999999858e+01 2.000000000000000000e+00
4.500000000000000000e+00 1.825000000000000000e+01 2.000000000000000000e+00
3.550000000000000266e+00 1.750000000000000000e+01 2.000000000000000000e+00
3.900000000000000355e+00 1.650000000000000000e+01 2.000000000000000000e+00
4.600000000000000533e+00 1.714999999999999858e+01 2.000000000000000000e+00
4.450000000000000178e+00 1.759999999999999787e+01 2.000000000000000000e+00
5.000000000000000000e+00 1.784999999999999787e+01 2.000000000000000000e+00
5.450000000000000178e+00 1.844999999999999929e+01 2.000000000000000000e+00
5.950000000000000178e+00 1.875000000000000000e+01 2.000000000000000000e+00
5.500000000000000000e+00 1.944999999999999929e+01 2.000000000000000000e+00
6.250000000000000000e+00 1.975000000000000000e+01 2.000000000000000000e+00
6.700000000000000178e+00 1.909999999999999787e+01 2.000000000000000000e+00
6.250000000000000000e+00 1.839999999999999858e+01 2.000000000000000000e+00
5.799999999999999822e+00 1.800000000000000000e+01 2.000000000000000000e+00
5.650000000000000355e+00 1.734999999999999787e+01 2.000000000000000000e+00
5.250000000000000000e+00 1.675000000000000000e+01 2.000000000000000000e+00
4.750000000000000000e+00 1.625000000000000000e+01 2.000000000000000000e+00
5.150000000000000355e+00 1.564999999999999858e+01 2.000000000000000000e+00
6.049999999999999822e+00 1.500000000000000000e+01 2.000000000000000000e+00
5.799999999999999822e+00 1.550000000000000000e+01 2.000000000000000000e+00
5.850000000000000533e+00 1.619999999999999929e+01 2.000000000000000000e+00
6.150000000000000355e+00 1.700000000000000000e+01 2.000000000000000000e+00
6.450000000000000178e+00 1.659999999999999787e+01 2.000000000000000000e+00
6.299999999999999822e+00 1.764999999999999858e+01 2.000000000000000000e+00
6.799999999999999822e+00 1.784999999999999787e+01 2.000000000000000000e+00
6.850000000000000533e+00 1.850000000000000000e+01 2.000000000000000000e+00
7.500000000000000000e+00 1.855000000000000071e+01 2.000000000000000000e+00
8.049999999999998934e+00 1.850000000000000000e+01 2.000000000000000000e+00
7.350000000000000533e+00 1.800000000000000000e+01 2.000000000000000000e+00
7.799999999999999822e+00 1.789999999999999858e+01 2.000000000000000000e+00
6.900000000000000355e+00 1.744999999999999929e+01 2.000000000000000000e+00
7.500000000000000000e+00 1.744999999999999929e+01 2.000000000000000000e+00
6.900000000000000355e+00 1.700000000000000000e+01 2.000000000000000000e+00
7.500000000000000000e+00 1.684999999999999787e+01 2.000000000000000000e+00
6.950000000000000178e+00 1.650000000000000000e+01 2.000000000000000000e+00
7.600000000000000533e+00 1.639999999999999858e+01 2.000000000000000000e+00
6.750000000000000000e+00 1.594999999999999929e+01 2.000000000000000000e+00
7.549999999999999822e+00 1.600000000000000000e+01 2.000000000000000000e+00
7.000000000000000000e+00 1.514999999999999858e+01 2.000000000000000000e+00
7.650000000000000355e+00 1.529999999999999893e+01 2.000000000000000000e+00
7.049999999999999822e+00 1.464999999999999858e+01 2.000000000000000000e+00
7.799999999999999822e+00 1.479999999999999893e+01 2.000000000000000000e+00
8.750000000000000000e+00 1.484999999999999964e+01 2.000000000000000000e+00
8.399999999999998579e+00 1.569999999999999929e+01 2.000000000000000000e+00
8.099999999999999645e+00 1.630000000000000071e+01 2.000000000000000000e+00
8.250000000000000000e+00 1.669999999999999929e+01 2.000000000000000000e+00
8.000000000000000000e+00 1.719999999999999929e+01 2.000000000000000000e+00
8.199999999999999289e+00 1.764999999999999858e+01 2.000000000000000000e+00
8.599999999999999645e+00 1.830000000000000071e+01 2.000000000000000000e+00
8.849999999999999645e+00 1.794999999999999929e+01 2.000000000000000000e+00
9.099999999999999645e+00 1.730000000000000071e+01 2.000000000000000000e+00
8.599999999999999645e+00 1.730000000000000071e+01 2.000000000000000000e+00
8.849999999999999645e+00 1.684999999999999787e+01 2.000000000000000000e+00
8.649999999999998579e+00 1.625000000000000000e+01 2.000000000000000000e+00
9.049999999999998934e+00 1.554999999999999893e+01 2.000000000000000000e+00
9.799999999999998934e+00 1.550000000000000000e+01 2.000000000000000000e+00
9.349999999999999645e+00 1.619999999999999929e+01 2.000000000000000000e+00
1.039999999999999858e+01 1.619999999999999929e+01 2.000000000000000000e+00
9.699999999999999289e+00 1.684999999999999787e+01 2.000000000000000000e+00
1.094999999999999929e+01 1.680000000000000071e+01 2.000000000000000000e+00
1.064999999999999858e+01 1.739999999999999858e+01 2.000000000000000000e+00
1.004999999999999893e+01 1.730000000000000071e+01 2.000000000000000000e+00
9.599999999999999645e+00 1.780000000000000071e+01 2.000000000000000000e+00
1.034999999999999964e+01 1.789999999999999858e+01 2.000000000000000000e+00
1.004999999999999893e+01 1.834999999999999787e+01 2.000000000000000000e+00
9.250000000000000000e+00 1.844999999999999929e+01 2.000000000000000000e+00
9.500000000000000000e+00 1.889999999999999858e+01 2.000000000000000000e+00
9.349999999999999645e+00 1.934999999999999787e+01 2.000000000000000000e+00
8.699999999999999289e+00 1.900000000000000000e+01 2.000000000000000000e+00
1.184999999999999964e+01 1.764999999999999858e+01 2.000000000000000000e+00
1.129999999999999893e+01 1.784999999999999787e+01 2.000000000000000000e+00
1.059999999999999964e+01 1.844999999999999929e+01 2.000000000000000000e+00
1.019999999999999929e+01 1.914999999999999858e+01 2.000000000000000000e+00
1.214999999999999858e+01 1.844999999999999929e+01 2.000000000000000000e+00
1.144999999999999929e+01 1.859999999999999787e+01 2.000000000000000000e+00
1.079999999999999893e+01 1.909999999999999787e+01 2.000000000000000000e+00
1.134999999999999964e+01 1.919999999999999929e+01 2.000000000000000000e+00
1.209999999999999964e+01 1.905000000000000071e+01 2.000000000000000000e+00
1.279999999999999893e+01 1.909999999999999787e+01 2.000000000000000000e+00
1.200000000000000000e+01 1.964999999999999858e+01 2.000000000000000000e+00
1.125000000000000000e+01 1.964999999999999858e+01 2.000000000000000000e+00
1.050000000000000000e+01 1.959999999999999787e+01 2.000000000000000000e+00
1.009999999999999964e+01 1.994999999999999929e+01 2.000000000000000000e+00
1.064999999999999858e+01 2.019999999999999929e+01 2.000000000000000000e+00
1.325000000000000000e+01 2.009999999999999787e+01 2.000000000000000000e+00
1.269999999999999929e+01 1.994999999999999929e+01 2.000000000000000000e+00
1.209999999999999964e+01 2.025000000000000000e+01 2.000000000000000000e+00
1.139999999999999858e+01 2.044999999999999929e+01 2.000000000000000000e+00
1.104999999999999893e+01 2.105000000000000071e+01 2.000000000000000000e+00
1.159999999999999964e+01 2.144999999999999929e+01 2.000000000000000000e+00
1.189999999999999858e+01 2.080000000000000071e+01 2.000000000000000000e+00
1.250000000000000000e+01 2.064999999999999858e+01 2.000000000000000000e+00
1.314999999999999858e+01 2.075000000000000000e+01 2.000000000000000000e+00
1.275000000000000000e+01 2.114999999999999858e+01 2.000000000000000000e+00
1.225000000000000000e+01 2.144999999999999929e+01 2.000000000000000000e+00
1.194999999999999929e+01 2.230000000000000071e+01 2.000000000000000000e+00
1.244999999999999929e+01 2.205000000000000071e+01 2.000000000000000000e+00
1.300000000000000000e+01 2.169999999999999929e+01 2.000000000000000000e+00
1.375000000000000000e+01 2.119999999999999929e+01 2.000000000000000000e+00
1.379999999999999893e+01 2.180000000000000071e+01 2.000000000000000000e+00
1.314999999999999858e+01 2.219999999999999929e+01 2.000000000000000000e+00
1.269999999999999929e+01 2.244999999999999929e+01 2.000000000000000000e+00
1.239999999999999858e+01 2.305000000000000071e+01 2.000000000000000000e+00
1.289999999999999858e+01 2.355000000000000071e+01 2.000000000000000000e+00
1.319999999999999929e+01 2.289999999999999858e+01 2.000000000000000000e+00
1.375000000000000000e+01 2.239999999999999858e+01 2.000000000000000000e+00
1.425000000000000000e+01 2.244999999999999929e+01 2.000000000000000000e+00
1.439999999999999858e+01 2.325000000000000000e+01 2.000000000000000000e+00
1.429999999999999893e+01 2.380000000000000071e+01 2.000000000000000000e+00
1.369999999999999929e+01 2.300000000000000000e+01 2.000000000000000000e+00
1.354999999999999893e+01 2.369999999999999929e+01 2.000000000000000000e+00
1.350000000000000000e+01 2.419999999999999929e+01 2.000000000000000000e+00
7.500000000000000000e+00 1.934999999999999787e+01 2.000000000000000000e+00
8.150000000000000355e+00 1.955000000000000071e+01 2.000000000000000000e+00
7.900000000000000355e+00 2.025000000000000000e+01 2.000000000000000000e+00
6.950000000000000178e+00 2.009999999999999787e+01 2.000000000000000000e+00
5.450000000000000178e+00 2.055000000000000071e+01 2.000000000000000000e+00
6.350000000000000533e+00 2.089999999999999858e+01 1.000000000000000000e+00
7.200000000000000178e+00 2.089999999999999858e+01 1.000000000000000000e+00
7.799999999999999822e+00 2.139999999999999858e+01 1.000000000000000000e+00
8.750000000000000000e+00 2.080000000000000071e+01 1.000000000000000000e+00
9.549999999999998934e+00 2.069999999999999929e+01 1.000000000000000000e+00
8.500000000000000000e+00 2.164999999999999858e+01 1.000000000000000000e+00
8.099999999999999645e+00 2.180000000000000071e+01 1.000000000000000000e+00
7.350000000000000533e+00 2.194999999999999929e+01 1.000000000000000000e+00
6.900000000000000355e+00 2.150000000000000000e+01 1.000000000000000000e+00
5.400000000000000355e+00 2.130000000000000071e+01 2.000000000000000000e+00
6.400000000000000355e+00 2.214999999999999858e+01 1.000000000000000000e+00
6.950000000000000178e+00 2.259999999999999787e+01 1.000000000000000000e+00
6.350000000000000533e+00 2.269999999999999929e+01 1.000000000000000000e+00
5.850000000000000533e+00 2.239999999999999858e+01 1.000000000000000000e+00
4.850000000000000533e+00 2.275000000000000000e+01 1.000000000000000000e+00
4.299999999999999822e+00 2.364999999999999858e+01 1.000000000000000000e+00
5.549999999999999822e+00 2.300000000000000000e+01 1.000000000000000000e+00
7.600000000000000533e+00 2.280000000000000071e+01 1.000000000000000000e+00
7.950000000000000178e+00 2.230000000000000071e+01 1.000000000000000000e+00
8.699999999999999289e+00 2.250000000000000000e+01 1.000000000000000000e+00
9.500000000000000000e+00 2.219999999999999929e+01 1.000000000000000000e+00
9.899999999999998579e+00 2.314999999999999858e+01 1.000000000000000000e+00
9.000000000000000000e+00 2.314999999999999858e+01 1.000000000000000000e+00
8.250000000000000000e+00 2.309999999999999787e+01 1.000000000000000000e+00
7.799999999999999822e+00 2.334999999999999787e+01 1.000000000000000000e+00
7.049999999999999822e+00 2.319999999999999929e+01 1.000000000000000000e+00
6.400000000000000355e+00 2.344999999999999929e+01 1.000000000000000000e+00
5.900000000000000355e+00 2.359999999999999787e+01 1.000000000000000000e+00
5.299999999999999822e+00 2.375000000000000000e+01 1.000000000000000000e+00
4.750000000000000000e+00 2.434999999999999787e+01 1.000000000000000000e+00
5.700000000000000178e+00 2.419999999999999929e+01 1.000000000000000000e+00
6.299999999999999822e+00 2.425000000000000000e+01 1.000000000000000000e+00
6.700000000000000178e+00 2.380000000000000071e+01 1.000000000000000000e+00
6.950000000000000178e+00 2.414999999999999858e+01 1.000000000000000000e+00
7.500000000000000000e+00 2.394999999999999929e+01 1.000000000000000000e+00
8.500000000000000000e+00 2.359999999999999787e+01 1.000000000000000000e+00
9.099999999999999645e+00 2.389999999999999858e+01 1.000000000000000000e+00
9.750000000000000000e+00 2.384999999999999787e+01 1.000000000000000000e+00
1.054999999999999893e+01 2.430000000000000071e+01 1.000000000000000000e+00
8.150000000000000355e+00 2.425000000000000000e+01 1.000000000000000000e+00
4.150000000000000355e+00 2.459999999999999787e+01 1.000000000000000000e+00
3.950000000000000178e+00 2.544999999999999929e+01 1.000000000000000000e+00
4.099999999999999645e+00 2.614999999999999858e+01 1.000000000000000000e+00
4.750000000000000000e+00 2.684999999999999787e+01 1.000000000000000000e+00
5.450000000000000178e+00 2.694999999999999929e+01 1.000000000000000000e+00
6.700000000000000178e+00 2.780000000000000071e+01 1.000000000000000000e+00
7.650000000000000355e+00 2.780000000000000071e+01 1.000000000000000000e+00
8.549999999999998934e+00 2.755000000000000071e+01 1.000000000000000000e+00
9.449999999999999289e+00 2.739999999999999858e+01 1.000000000000000000e+00
1.014999999999999858e+01 2.669999999999999929e+01 1.000000000000000000e+00
1.075000000000000000e+01 2.580000000000000071e+01 1.000000000000000000e+00
1.009999999999999964e+01 2.514999999999999858e+01 1.000000000000000000e+00
9.399999999999998579e+00 2.469999999999999929e+01 1.000000000000000000e+00
8.750000000000000000e+00 2.439999999999999858e+01 1.000000000000000000e+00
9.000000000000000000e+00 2.500000000000000000e+01 1.000000000000000000e+00
9.399999999999998579e+00 2.555000000000000071e+01 1.000000000000000000e+00
9.750000000000000000e+00 2.625000000000000000e+01 1.000000000000000000e+00
9.250000000000000000e+00 2.680000000000000071e+01 1.000000000000000000e+00
9.000000000000000000e+00 2.600000000000000000e+01 1.000000000000000000e+00
8.349999999999999645e+00 2.655000000000000071e+01 1.000000000000000000e+00
8.250000000000000000e+00 2.600000000000000000e+01 1.000000000000000000e+00
8.549999999999998934e+00 2.539999999999999858e+01 1.000000000000000000e+00
8.099999999999999645e+00 2.550000000000000000e+01 1.000000000000000000e+00
8.250000000000000000e+00 2.489999999999999858e+01 1.000000000000000000e+00
7.500000000000000000e+00 2.459999999999999787e+01 1.000000000000000000e+00
7.750000000000000000e+00 2.505000000000000071e+01 1.000000000000000000e+00
7.049999999999999822e+00 2.464999999999999858e+01 1.000000000000000000e+00
6.450000000000000178e+00 2.484999999999999787e+01 1.000000000000000000e+00
5.750000000000000000e+00 2.469999999999999929e+01 1.000000000000000000e+00
4.850000000000000533e+00 2.530000000000000071e+01 1.000000000000000000e+00
5.200000000000000178e+00 2.575000000000000000e+01 1.000000000000000000e+00
5.750000000000000000e+00 2.630000000000000071e+01 1.000000000000000000e+00
5.750000000000000000e+00 2.544999999999999929e+01 1.000000000000000000e+00
6.400000000000000355e+00 2.539999999999999858e+01 1.000000000000000000e+00
7.000000000000000000e+00 2.525000000000000000e+01 1.000000000000000000e+00
7.600000000000000533e+00 2.544999999999999929e+01 1.000000000000000000e+00
6.850000000000000533e+00 2.564999999999999858e+01 1.000000000000000000e+00
6.350000000000000533e+00 2.600000000000000000e+01 1.000000000000000000e+00
6.700000000000000178e+00 2.630000000000000071e+01 1.000000000000000000e+00
6.799999999999999822e+00 2.680000000000000071e+01 1.000000000000000000e+00
7.900000000000000355e+00 2.684999999999999787e+01 1.000000000000000000e+00
7.700000000000000178e+00 2.639999999999999858e+01 1.000000000000000000e+00
7.700000000000000178e+00 2.584999999999999787e+01 1.000000000000000000e+00
7.250000000000000000e+00 2.605000000000000071e+01 1.000000000000000000e+00
7.100000000000000533e+00 2.734999999999999787e+01 1.000000000000000000e+00
6.350000000000000533e+00 2.709999999999999787e+01 1.000000000000000000e+00
2.050000000000000266e+00 2.800000000000000000e+01 1.000000000000000000e+00
1.550000000000000044e+00 2.684999999999999787e+01 1.000000000000000000e+00
1.599999999999999867e+00 2.344999999999999929e+01 2.000000000000000000e+00
1.050000000000000044e+00 2.325000000000000000e+01 2.000000000000000000e+00
6.999999999999999556e-01 2.255000000000000071e+01 2.000000000000000000e+00
8.500000000000000888e-01 2.155000000000000071e+01 2.000000000000000000e+00
1.300000000000000044e+00 2.225000000000000000e+01 2.000000000000000000e+00
1.550000000000000044e+00 2.284999999999999787e+01 2.000000000000000000e+00
2.149999999999999911e+00 2.300000000000000000e+01 2.000000000000000000e+00
2.600000000000000089e+00 2.264999999999999858e+01 2.000000000000000000e+00
2.000000000000000000e+00 2.219999999999999929e+01 2.000000000000000000e+00
2.700000000000000178e+00 2.205000000000000071e+01 2.000000000000000000e+00
3.150000000000000355e+00 2.159999999999999787e+01 2.000000000000000000e+00
2.100000000000000089e+00 2.144999999999999929e+01 2.000000000000000000e+00
1.550000000000000044e+00 2.164999999999999858e+01 2.000000000000000000e+00
1.550000000000000044e+00 2.109999999999999787e+01 2.000000000000000000e+00
1.449999999999999956e+00 2.055000000000000071e+01 2.000000000000000000e+00
1.949999999999999956e+00 2.025000000000000000e+01 2.000000000000000000e+00
2.200000000000000178e+00 2.080000000000000071e+01 2.000000000000000000e+00
2.700000000000000178e+00 2.119999999999999929e+01 2.000000000000000000e+00
1.899999999999999911e+00 1.925000000000000000e+01 2.000000000000000000e+00
2.600000000000000089e+00 2.025000000000000000e+01 2.000000000000000000e+00
3.250000000000000000e+00 2.064999999999999858e+01 2.000000000000000000e+00
3.900000000000000355e+00 2.064999999999999858e+01 2.000000000000000000e+00
3.650000000000000355e+00 2.009999999999999787e+01 2.000000000000000000e+00
3.150000000000000355e+00 1.969999999999999929e+01 2.000000000000000000e+00
2.600000000000000089e+00 1.959999999999999787e+01 2.000000000000000000e+00
2.600000000000000089e+00 1.844999999999999929e+01 2.000000000000000000e+00
3.050000000000000266e+00 1.894999999999999929e+01 2.000000000000000000e+00
3.450000000000000178e+00 1.925000000000000000e+01 2.000000000000000000e+00
4.150000000000000355e+00 1.980000000000000071e+01 2.000000000000000000e+00
2.900000000000000355e+00 1.800000000000000000e+01 2.000000000000000000e+00
3.650000000000000355e+00 1.825000000000000000e+01 2.000000000000000000e+00
4.000000000000000000e+00 1.875000000000000000e+01 2.000000000000000000e+00
4.200000000000000178e+00 1.930000000000000071e+01 2.000000000000000000e+00
4.650000000000000355e+00 2.009999999999999787e+01 2.000000000000000000e+00
4.850000000000000533e+00 1.934999999999999787e+01 2.000000000000000000e+00
5.049999999999999822e+00 1.864999999999999858e+01 2.000000000000000000e+00
4.500000000000000000e+00 1.825000000000000000e+01 2.000000000000000000e+00
3.550000000000000266e+00 1.750000000000000000e+01 2.000000000000000000e+00
3.900000000000000355e+00 1.650000000000000000e+01 2.000000000000000000e+00
4.600000000000000533e+00 1.714999999999999858e+01 2.000000000000000000e+00
4.450000000000000178e+00 1.759999999999999787e+01 2.000000000000000000e+00
5.000000000000000000e+00 1.784999999999999787e+01 2.000000000000000000e+00
5.450000000000000178e+00 1.844999999999999929e+01 2.000000000000000000e+00
5.950000000000000178e+00 1.875000000000000000e+01 2.000000000000000000e+00
5.500000000000000000e+00 1.944999999999999929e+01 2.000000000000000000e+00
6.250000000000000000e+00 1.975000000000000000e+01 2.000000000000000000e+00
6.700000000000000178e+00 1.909999999999999787e+01 2.000000000000000000e+00
6.250000000000000000e+00 1.839999999999999858e+01 2.000000000000000000e+00
5.799999999999999822e+00 1.800000000000000000e+01 2.000000000000000000e+00
5.650000000000000355e+00 1.734999999999999787e+01 2.000000000000000000e+00
5.250000000000000000e+00 1.675000000000000000e+01 2.000000000000000000e+00
4.750000000000000000e+00 1.625000000000000000e+01 2.000000000000000000e+00
5.150000000000000355e+00 1.564999999999999858e+01 2.000000000000000000e+00
6.049999999999999822e+00 1.500000000000000000e+01 2.000000000000000000e+00
5.799999999999999822e+00 1.550000000000000000e+01 2.000000000000000000e+00
5.850000000000000533e+00 1.619999999999999929e+01 2.000000000000000000e+00
6.150000000000000355e+00 1.700000000000000000e+01 2.000000000000000000e+00
6.450000000000000178e+00 1.659999999999999787e+01 2.000000000000000000e+00
6.299999999999999822e+00 1.764999999999999858e+01 2.000000000000000000e+00
6.799999999999999822e+00 1.784999999999999787e+01 2.000000000000000000e+00
6.850000000000000533e+00 1.850000000000000000e+01 2.000000000000000000e+00
7.500000000000000000e+00 1.855000000000000071e+01 2.000000000000000000e+00
8.049999999999998934e+00 1.850000000000000000e+01 2.000000000000000000e+00
7.350000000000000533e+00 1.800000000000000000e+01 2.000000000000000000e+00
7.799999999999999822e+00 1.789999999999999858e+01 2.000000000000000000e+00
6.900000000000000355e+00 1.744999999999999929e+01 2.000000000000000000e+00
7.500000000000000000e+00 1.744999999999999929e+01 2.000000000000000000e+00
6.900000000000000355e+00 1.700000000000000000e+01 2.000000000000000000e+00
7.500000000000000000e+00 1.684999999999999787e+01 2.000000000000000000e+00
6.950000000000000178e+00 1.650000000000000000e+01 2.000000000000000000e+00
7.600000000000000533e+00 1.639999999999999858e+01 2.000000000000000000e+00
6.750000000000000000e+00 1.594999999999999929e+01 2.000000000000000000e+00
7.549999999999999822e+00 1.600000000000000000e+01 2.000000000000000000e+00
7.000000000000000000e+00 1.514999999999999858e+01 2.000000000000000000e+00
7.650000000000000355e+00 1.529999999999999893e+01 2.000000000000000000e+00
7.049999999999999822e+00 1.464999999999999858e+01 2.000000000000000000e+00
7.799999999999999822e+00 1.479999999999999893e+01 2.000000000000000000e+00
8.750000000000000000e+00 1.484999999999999964e+01 2.000000000000000000e+00
8.399999999999998579e+00 1.569999999999999929e+01 2.000000000000000000e+00
8.099999999999999645e+00 1.630000000000000071e+01 2.000000000000000000e+00
8.250000000000000000e+00 1.669999999999999929e+01 2.000000000000000000e+00
8.000000000000000000e+00 1.719999999999999929e+01 2.000000000000000000e+00
8.199999999999999289e+00 1.764999999999999858e+01 2.000000000000000000e+00
8.599999999999999645e+00 1.830000000000000071e+01 2.000000000000000000e+00
8.849999999999999645e+00 1.794999999999999929e+01 2.000000000000000000e+00
9.099999999999999645e+00 1.730000000000000071e+01 2.000000000000000000e+00
8.599999999999999645e+00 1.730000000000000071e+01 2.000000000000000000e+00
8.849999999999999645e+00 1.684999999999999787e+01 2.000000000000000000e+00
8.649999999999998579e+00 1.625000000000000000e+01 2.000000000000000000e+00
9.049999999999998934e+00 1.554999999999999893e+01 2.000000000000000000e+00
9.799999999999998934e+00 1.550000000000000000e+01 2.000000000000000000e+00
9.349999999999999645e+00 1.619999999999999929e+01 2.000000000000000000e+00
1.039999999999999858e+01 1.619999999999999929e+01 2.000000000000000000e+00
9.699999999999999289e+00 1.684999999999999787e+01 2.000000000000000000e+00
1.094999999999999929e+01 1.680000000000000071e+01 2.000000000000000000e+00
1.064999999999999858e+01 1.739999999999999858e+01 2.000000000000000000e+00
1.004999999999999893e+01 1.730000000000000071e+01 2.000000000000000000e+00
9.599999999999999645e+00 1.780000000000000071e+01 2.000000000000000000e+00
1.034999999999999964e+01 1.789999999999999858e+01 2.000000000000000000e+00
1.004999999999999893e+01 1.834999999999999787e+01 2.000000000000000000e+00
9.250000000000000000e+00 1.844999999999999929e+01 2.000000000000000000e+00
9.500000000000000000e+00 1.889999999999999858e+01 2.000000000000000000e+00
9.349999999999999645e+00 1.934999999999999787e+01 2.000000000000000000e+00
8.699999999999999289e+00 1.900000000000000000e+01 2.000000000000000000e+00
1.184999999999999964e+01 1.764999999999999858e+01 2.000000000000000000e+00
1.129999999999999893e+01 1.784999999999999787e+01 2.000000000000000000e+00
1.059999999999999964e+01 1.844999999999999929e+01 2.000000000000000000e+00
1.019999999999999929e+01 1.914999999999999858e+01 2.000000000000000000e+00
1.214999999999999858e+01 1.844999999999999929e+01 2.000000000000000000e+00
1.144999999999999929e+01 1.859999999999999787e+01 2.000000000000000000e+00
1.079999999999999893e+01 1.909999999999999787e+01 2.000000000000000000e+00
1.134999999999999964e+01 1.919999999999999929e+01 2.000000000000000000e+00
1.209999999999999964e+01 1.905000000000000071e+01 2.000000000000000000e+00
1.279999999999999893e+01 1.909999999999999787e+01 2.000000000000000000e+00
1.200000000000000000e+01 1.964999999999999858e+01 2.000000000000000000e+00
1.125000000000000000e+01 1.964999999999999858e+01 2.000000000000000000e+00
1.050000000000000000e+01 1.959999999999999787e+01 2.000000000000000000e+00
1.009999999999999964e+01 1.994999999999999929e+01 2.000000000000000000e+00
1.064999999999999858e+01 2.019999999999999929e+01 2.000000000000000000e+00
1.325000000000000000e+01 2.009999999999999787e+01 2.000000000000000000e+00
1.269999999999999929e+01 1.994999999999999929e+01 2.000000000000000000e+00
1.209999999999999964e+01 2.025000000000000000e+01 2.000000000000000000e+00
1.139999999999999858e+01 2.044999999999999929e+01 2.000000000000000000e+00
1.104999999999999893e+01 2.105000000000000071e+01 2.000000000000000000e+00
1.159999999999999964e+01 2.144999999999999929e+01 2.000000000000000000e+00
1.189999999999999858e+01 2.080000000000000071e+01 2.000000000000000000e+00
1.250000000000000000e+01 2.064999999999999858e+01 2.000000000000000000e+00
1.314999999999999858e+01 2.075000000000000000e+01 2.000000000000000000e+00
1.275000000000000000e+01 2.114999999999999858e+01 2.000000000000000000e+00
1.225000000000000000e+01 2.144999999999999929e+01 2.000000000000000000e+00
1.194999999999999929e+01 2.230000000000000071e+01 2.000000000000000000e+00
1.244999999999999929e+01 2.205000000000000071e+01 2.000000000000000000e+00
1.300000000000000000e+01 2.169999999999999929e+01 2.000000000000000000e+00
1.375000000000000000e+01 2.119999999999999929e+01 2.000000000000000000e+00
1.379999999999999893e+01 2.180000000000000071e+01 2.000000000000000000e+00
1.314999999999999858e+01 2.219999999999999929e+01 2.000000000000000000e+00
1.269999999999999929e+01 2.244999999999999929e+01 2.000000000000000000e+00
1.239999999999999858e+01 2.305000000000000071e+01 2.000000000000000000e+00
1.289999999999999858e+01 2.355000000000000071e+01 2.000000000000000000e+00
1.319999999999999929e+01 2.289999999999999858e+01 2.000000000000000000e+00
1.375000000000000000e+01 2.239999999999999858e+01 2.000000000000000000e+00
1.425000000000000000e+01 2.244999999999999929e+01 2.000000000000000000e+00
1.439999999999999858e+01 2.325000000000000000e+01 2.000000000000000000e+00
1.429999999999999893e+01 2.380000000000000071e+01 2.000000000000000000e+00
1.369999999999999929e+01 2.300000000000000000e+01 2.000000000000000000e+00
1.354999999999999893e+01 2.369999999999999929e+01 2.000000000000000000e+00
1.350000000000000000e+01 2.419999999999999929e+01 2.000000000000000000e+00
7.500000000000000000e+00 1.934999999999999787e+01 2.000000000000000000e+00
8.150000000000000355e+00 1.955000000000000071e+01 2.000000000000000000e+00
7.900000000000000355e+00 2.025000000000000000e+01 2.000000000000000000e+00
6.950000000000000178e+00 2.009999999999999787e+01 2.000000000000000000e+00
5.450000000000000178e+00 2.055000000000000071e+01 2.000000000000000000e+00
6.350000000000000533e+00 2.089999999999999858e+01 1.000000000000000000e+00
7.200000000000000178e+00 2.089999999999999858e+01 1.000000000000000000e+00
7.799999999999999822e+00 2.139999999999999858e+01 1.000000000000000000e+00
8.750000000000000000e+00 2.080000000000000071e+01 1.000000000000000000e+00
9.549999999999998934e+00 2.069999999999999929e+01 1.000000000000000000e+00
8.500000000000000000e+00 2.164999999999999858e+01 1.000000000000000000e+00
8.099999999999999645e+00 2.180000000000000071e+01 1.000000000000000000e+00
7.350000000000000533e+00 2.194999999999999929e+01 1.000000000000000000e+00
6.900000000000000355e+00 2.150000000000000000e+01 1.000000000000000000e+00
5.400000000000000355e+00 2.130000000000000071e+01 2.000000000000000000e+00
6.400000000000000355e+00 2.214999999999999858e+01 1.000000000000000000e+00
6.950000000000000178e+00 2.259999999999999787e+01 1.000000000000000000e+00
6.350000000000000533e+00 2.269999999999999929e+01 1.000000000000000000e+00
5.850000000000000533e+00 2.239999999999999858e+01 1.000000000000000000e+00
4.850000000000000533e+00 2.275000000000000000e+01 1.000000000000000000e+00
4.299999999999999822e+00 2.364999999999999858e+01 1.000000000000000000e+00
5.549999999999999822e+00 2.300000000000000000e+01 1.000000000000000000e+00
7.600000000000000533e+00 2.280000000000000071e+01 1.000000000000000000e+00
7.950000000000000178e+00 2.230000000000000071e+01 1.000000000000000000e+00
8.699999999999999289e+00 2.250000000000000000e+01 1.000000000000000000e+00
9.500000000000000000e+00 2.219999999999999929e+01 1.000000000000000000e+00
9.899999999999998579e+00 2.314999999999999858e+01 1.000000000000000000e+00
9.000000000000000000e+00 2.314999999999999858e+01 1.000000000000000000e+00
8.250000000000000000e+00 2.309999999999999787e+01 1.000000000000000000e+00
7.799999999999999822e+00 2.334999999999999787e+01 1.000000000000000000e+00
7.049999999999999822e+00 2.319999999999999929e+01 1.000000000000000000e+00
6.400000000000000355e+00 2.344999999999999929e+01 1.000000000000000000e+00
5.900000000000000355e+00 2.359999999999999787e+01 1.000000000000000000e+00
5.299999999999999822e+00 2.375000000000000000e+01 1.000000000000000000e+00
4.750000000000000000e+00 2.434999999999999787e+01 1.000000000000000000e+00
5.700000000000000178e+00 2.419999999999999929e+01 1.000000000000000000e+00
6.299999999999999822e+00 2.425000000000000000e+01 1.000000000000000000e+00
6.700000000000000178e+00 2.380000000000000071e+01 1.000000000000000000e+00
6.950000000000000178e+00 2.414999999999999858e+01 1.000000000000000000e+00
7.500000000000000000e+00 2.394999999999999929e+01 1.000000000000000000e+00
8.500000000000000000e+00 2.359999999999999787e+01 1.000000000000000000e+00
9.099999999999999645e+00 2.389999999999999858e+01 1.000000000000000000e+00
9.750000000000000000e+00 2.384999999999999787e+01 1.000000000000000000e+00
1.054999999999999893e+01 2.430000000000000071e+01 1.000000000000000000e+00
8.150000000000000355e+00 2.425000000000000000e+01 1.000000000000000000e+00
4.150000000000000355e+00 2.459999999999999787e+01 1.000000000000000000e+00
3.950000000000000178e+00 2.544999999999999929e+01 1.000000000000000000e+00
4.099999999999999645e+00 2.614999999999999858e+01 1.000000000000000000e+00
4.750000000000000000e+00 2.684999999999999787e+01 1.000000000000000000e+00
5.450000000000000178e+00 2.694999999999999929e+01 1.000000000000000000e+00
6.700000000000000178e+00 2.780000000000000071e+01 1.000000000000000000e+00
7.650000000000000355e+00 2.780000000000000071e+01 1.000000000000000000e+00
8.549999999999998934e+00 2.755000000000000071e+01 1.000000000000000000e+00
9.449999999999999289e+00 2.739999999999999858e+01 1.000000000000000000e+00
1.014999999999999858e+01 2.669999999999999929e+01 1.000000000000000000e+00
1.075000000000000000e+01 2.580000000000000071e+01 1.000000000000000000e+00
1.009999999999999964e+01 2.514999999999999858e+01 1.000000000000000000e+00
9.399999999999998579e+00 2.469999999999999929e+01 1.000000000000000000e+00
8.750000000000000000e+00 2.439999999999999858e+01 1.000000000000000000e+00
9.000000000000000000e+00 2.500000000000000000e+01 1.000000000000000000e+00
9.399999999999998579e+00 2.555000000000000071e+01 1.000000000000000000e+00
9.750000000000000000e+00 2.625000000000000000e+01 1.000000000000000000e+00
9.250000000000000000e+00 2.680000000000000071e+01 1.000000000000000000e+00
9.000000000000000000e+00 2.600000000000000000e+01 1.000000000000000000e+00
8.349999999999999645e+00 2.655000000000000071e+01 1.000000000000000000e+00
8.250000000000000000e+00 2.600000000000000000e+01 1.000000000000000000e+00
8.549999999999998934e+00 2.539999999999999858e+01 1.000000000000000000e+00
8.099999999999999645e+00 2.550000000000000000e+01 1.000000000000000000e+00
8.250000000000000000e+00 2.489999999999999858e+01 1.000000000000000000e+00
7.500000000000000000e+00 2.459999999999999787e+01 1.000000000000000000e+00
7.750000000000000000e+00 2.505000000000000071e+01 1.000000000000000000e+00
7.049999999999999822e+00 2.464999999999999858e+01 1.000000000000000000e+00
6.450000000000000178e+00 2.484999999999999787e+01 1.000000000000000000e+00
5.750000000000000000e+00 2.469999999999999929e+01 1.000000000000000000e+00
4.850000000000000533e+00 2.530000000000000071e+01 1.000000000000000000e+00
5.200000000000000178e+00 2.575000000000000000e+01 1.000000000000000000e+00
5.750000000000000000e+00 2.630000000000000071e+01 1.000000000000000000e+00
5.750000000000000000e+00 2.544999999999999929e+01 1.000000000000000000e+00
6.400000000000000355e+00 2.539999999999999858e+01 1.000000000000000000e+00
7.000000000000000000e+00 2.525000000000000000e+01 1.000000000000000000e+00
7.600000000000000533e+00 2.544999999999999929e+01 1.000000000000000000e+00
6.850000000000000533e+00 2.564999999999999858e+01 1.000000000000000000e+00
6.350000000000000533e+00 2.600000000000000000e+01 1.000000000000000000e+00
6.700000000000000178e+00 2.630000000000000071e+01 1.000000000000000000e+00
6.799999999999999822e+00 2.680000000000000071e+01 1.000000000000000000e+00
7.900000000000000355e+00 2.684999999999999787e+01 1.000000000000000000e+00
7.700000000000000178e+00 2.639999999999999858e+01 1.000000000000000000e+00
7.700000000000000178e+00 2.584999999999999787e+01 1.000000000000000000e+00
7.250000000000000000e+00 2.605000000000000071e+01 1.000000000000000000e+00
7.100000000000000533e+00 2.734999999999999787e+01 1.000000000000000000e+00
6.350000000000000533e+00 2.709999999999999787e+01 1.000000000000000000e+00
2.250000000000000444e+00 2.819999999999999929e+01 1.000000000000000000e+00
1.750000000000000000e+00 2.704999999999999716e+01 1.000000000000000000e+00
1.799999999999999822e+00 2.364999999999999858e+01 2.000000000000000000e+00
1.250000000000000000e+00 2.344999999999999929e+01 2.000000000000000000e+00
8.999999999999999112e-01 2.275000000000000000e+01 2.000000000000000000e+00
1.050000000000000044e+00 2.175000000000000000e+01 2.000000000000000000e+00
1.500000000000000000e+00 2.244999999999999929e+01 2.000000000000000000e+00
1.750000000000000000e+00 2.304999999999999716e+01 2.000000000000000000e+00
2.350000000000000089e+00 2.319999999999999929e+01 2.000000000000000000e+00
2.800000000000000266e+00 2.284999999999999787e+01 2.000000000000000000e+00
2.200000000000000178e+00 2.239999999999999858e+01 2.000000000000000000e+00
2.900000000000000355e+00 2.225000000000000000e+01 2.000000000000000000e+00
3.350000000000000533e+00 2.179999999999999716e+01 2.000000000000000000e+00
2.300000000000000266e+00 2.164999999999999858e+01 2.000000000000000000e+00
1.750000000000000000e+00 2.184999999999999787e+01 2.000000000000000000e+00
1.750000000000000000e+00 2.129999999999999716e+01 2.000000000000000000e+00
1.649999999999999911e+00 2.075000000000000000e+01 2.000000000000000000e+00
2.149999999999999911e+00 2.044999999999999929e+01 2.000000000000000000e+00
2.400000000000000355e+00 2.100000000000000000e+01 2.000000000000000000e+00
2.900000000000000355e+00 2.139999999999999858e+01 2.000000000000000000e+00
2.100000000000000089e+00 1.944999999999999929e+01 2.000000000000000000e+00
2.800000000000000266e+00 2.044999999999999929e+01 2.000000000000000000e+00
3.450000000000000178e+00 2.084999999999999787e+01 2.000000000000000000e+00
4.100000000000000533e+00 2.084999999999999787e+01 2.000000000000000000e+00
3.850000000000000533e+00 2.029999999999999716e+01 2.000000000000000000e+00
3.350000000000000533e+00 1.989999999999999858e+01 2.000000000000000000e+00
2.800000000000000266e+00 1.979999999999999716e+01 2.000000000000000000e+00
2.800000000000000266e+00 1.864999999999999858e+01 2.000000000000000000e+00
3.250000000000000444e+00 1.914999999999999858e+01 2.000000000000000000e+00
3.650000000000000355e+00 1.944999999999999929e+01 2.000000000000000000e+00
4.350000000000000533e+00 2.000000000000000000e+01 2.000000000000000000e+00
3.100000000000000533e+00 1.819999999999999929e+01 2.000000000000000000e+00
3.850000000000000533e+00 1.844999999999999929e+01 2.000000000000000000e+00
4.200000000000000178e+00 1.894999999999999929e+01 2.000000000000000000e+00
4.400000000000000355e+00 1.950000000000000000e+01 2.000000000000000000e+00
4.850000000000000533e+00 2.029999999999999716e+01 2.000000000000000000e+00
5.050000000000000711e+00 1.954999999999999716e+01 2.000000000000000000e+00
5.250000000000000000e+00 1.884999999999999787e+01 2.000000000000000000e+00
4.700000000000000178e+00 1.844999999999999929e+01 2.000000000000000000e+00
3.750000000000000444e+00 1.769999999999999929e+01 2.000000000000000000e+00
4.100000000000000533e+00 1.669999999999999929e+01 2.000000000000000000e+00
4.800000000000000711e+00 1.734999999999999787e+01 2.000000000000000000e+00
4.650000000000000355e+00 1.779999999999999716e+01 2.000000000000000000e+00
5.200000000000000178e+00 1.804999999999999716e+01 2.000000000000000000e+00
5.650000000000000355e+00 1.864999999999999858e+01 2.000000000000000000e+00
6.150000000000000355e+00 1.894999999999999929e+01 2.000000000000000000e+00
5.700000000000000178e+00 1.964999999999999858e+01 2.000000000000000000e+00
6.450000000000000178e+00 1.994999999999999929e+01 2.000000000000000000e+00
6.900000000000000355e+00 1.929999999999999716e+01 2.000000000000000000e+00
6.450000000000000178e+00 1.859999999999999787e+01 2.000000000000000000e+00
6.000000000000000000e+00 1.819999999999999929e+01 2.000000000000000000e+00
5.850000000000000533e+00 1.754999999999999716e+01 2.000000000000000000e+00
5.450000000000000178e+00 1.694999999999999929e+01 2.000000000000000000e+00
4.950000000000000178e+00 1.644999999999999929e+01 2.000000000000000000e+00
5.350000000000000533e+00 1.584999999999999787e+01 2.000000000000000000e+00
6.250000000000000000e+00 1.519999999999999929e+01 2.000000000000000000e+00
6.000000000000000000e+00 1.569999999999999929e+01 2.000000000000000000e+00
6.050000000000000711e+00 1.639999999999999858e+01 2.000000000000000000e+00
6.350000000000000533e+00 1.719999999999999929e+01 2.000000000000000000e+00
6.650000000000000355e+00 1.679999999999999716e+01 2.000000000000000000e+00
6.500000000000000000e+00 1.784999999999999787e+01 2.000000000000000000e+00
7.000000000000000000e+00 1.804999999999999716e+01 2.000000000000000000e+00
7.050000000000000711e+00 1.869999999999999929e+01 2.000000000000000000e+00
7.700000000000000178e+00 1.875000000000000000e+01 2.000000000000000000e+00
8.249999999999998224e+00 1.869999999999999929e+01 2.000000000000000000e+00
7.550000000000000711e+00 1.819999999999999929e+01 2.000000000000000000e+00
8.000000000000000000e+00 1.809999999999999787e+01 2.000000000000000000e+00
7.100000000000000533e+00 1.764999999999999858e+01 2.000000000000000000e+00
7.700000000000000178e+00 1.764999999999999858e+01 2.000000000000000000e+00
7.100000000000000533e+00 1.719999999999999929e+01 2.000000000000000000e+00
7.700000000000000178e+00 1.704999999999999716e+01 2.000000000000000000e+00
7.150000000000000355e+00 1.669999999999999929e+01 2.000000000000000000e+00
7.800000000000000711e+00 1.659999999999999787e+01 2.000000000000000000e+00
6.950000000000000178e+00 1.614999999999999858e+01 2.000000000000000000e+00
7.750000000000000000e+00 1.619999999999999929e+01 2.000000000000000000e+00
7.200000000000000178e+00 1.534999999999999787e+01 2.000000000000000000e+00
7.850000000000000533e+00 1.549999999999999822e+01 2.000000000000000000e+00
7.250000000000000000e+00 1.484999999999999787e+01 2.000000000000000000e+00
8.000000000000000000e+00 1.499999999999999822e+01 2.000000000000000000e+00
8.949999999999999289e+00 1.504999999999999893e+01 2.000000000000000000e+00
8.599999999999997868e+00 1.589999999999999858e+01 2.000000000000000000e+00
8.299999999999998934e+00 1.650000000000000000e+01 2.000000000000000000e+00
8.449999999999999289e+00 1.689999999999999858e+01 2.000000000000000000e+00
8.199999999999999289e+00 1.739999999999999858e+01 2.000000000000000000e+00
8.399999999999998579e+00 1.784999999999999787e+01 2.000000000000000000e+00
8.799999999999998934e+00 1.850000000000000000e+01 2.000000000000000000e+00
9.049999999999998934e+00 1.814999999999999858e+01 2.000000000000000000e+00
9.299999999999998934e+00 1.750000000000000000e+01 2.000000000000000000e+00
8.799999999999998934e+00 1.750000000000000000e+01 2.000000000000000000e+00
9.049999999999998934e+00 1.704999999999999716e+01 2.000000000000000000e+00
8.849999999999997868e+00 1.644999999999999929e+01 2.000000000000000000e+00
9.249999999999998224e+00 1.574999999999999822e+01 2.000000000000000000e+00
9.999999999999998224e+00 1.569999999999999929e+01 2.000000000000000000e+00
9.549999999999998934e+00 1.639999999999999858e+01 2.000000000000000000e+00
1.059999999999999787e+01 1.639999999999999858e+01 2.000000000000000000e+00
9.899999999999998579e+00 1.704999999999999716e+01 2.000000000000000000e+00
1.114999999999999858e+01 1.700000000000000000e+01 2.000000000000000000e+00
1.084999999999999787e+01 1.759999999999999787e+01 2.000000000000000000e+00
1.024999999999999822e+01 1.750000000000000000e+01 2.000000000000000000e+00
9.799999999999998934e+00 1.800000000000000000e+01 2.000000000000000000e+00
1.054999999999999893e+01 1.809999999999999787e+01 2.000000000000000000e+00
1.024999999999999822e+01 1.854999999999999716e+01 2.000000000000000000e+00
9.449999999999999289e+00 1.864999999999999858e+01 2.000000000000000000e+00
9.699999999999999289e+00 1.909999999999999787e+01 2.000000000000000000e+00
9.549999999999998934e+00 1.954999999999999716e+01 2.000000000000000000e+00
8.899999999999998579e+00 1.919999999999999929e+01 2.000000000000000000e+00
1.204999999999999893e+01 1.784999999999999787e+01 2.000000000000000000e+00
1.149999999999999822e+01 1.804999999999999716e+01 2.000000000000000000e+00
1.079999999999999893e+01 1.864999999999999858e+01 2.000000000000000000e+00
1.039999999999999858e+01 1.934999999999999787e+01 2.000000000000000000e+00
1.234999999999999787e+01 1.864999999999999858e+01 2.000000000000000000e+00
1.164999999999999858e+01 1.879999999999999716e+01 2.000000000000000000e+00
1.099999999999999822e+01 1.929999999999999716e+01 2.000000000000000000e+00
1.154999999999999893e+01 1.939999999999999858e+01 2.000000000000000000e+00
1.229999999999999893e+01 1.925000000000000000e+01 2.000000000000000000e+00
1.299999999999999822e+01 1.929999999999999716e+01 2.000000000000000000e+00
1.219999999999999929e+01 1.984999999999999787e+01 2.000000000000000000e+00
1.144999999999999929e+01 1.984999999999999787e+01 2.000000000000000000e+00
1.069999999999999929e+01 1.979999999999999716e+01 2.000000000000000000e+00
1.029999999999999893e+01 2.014999999999999858e+01 2.000000000000000000e+00
1.084999999999999787e+01 2.039999999999999858e+01 2.000000000000000000e+00
1.344999999999999929e+01 2.029999999999999716e+01 2.000000000000000000e+00
1.289999999999999858e+01 2.014999999999999858e+01 2.000000000000000000e+00
1.229999999999999893e+01 2.044999999999999929e+01 2.000000000000000000e+00
1.159999999999999787e+01 2.064999999999999858e+01 2.000000000000000000e+00
1.124999999999999822e+01 2.125000000000000000e+01 2.000000000000000000e+00
1.179999999999999893e+01 2.164999999999999858e+01 2.000000000000000000e+00
1.209999999999999787e+01 2.100000000000000000e+01 2.000000000000000000e+00
1.269999999999999929e+01 2.084999999999999787e+01 2.000000000000000000e+00
1.334999999999999787e+01 2.094999999999999929e+01 2.000000000000000000e+00
1.294999999999999929e+01 2.134999999999999787e+01 2.000000000000000000e+00
1.244999999999999929e+01 2.164999999999999858e+01 2.000000000000000000e+00
1.214999999999999858e+01 2.250000000000000000e+01 2.000000000000000000e+00
1.264999999999999858e+01 2.225000000000000000e+01 2.000000000000000000e+00
1.319999999999999929e+01 2.189999999999999858e+01 2.000000000000000000e+00
1.394999999999999929e+01 2.139999999999999858e+01 2.000000000000000000e+00
1.399999999999999822e+01 2.200000000000000000e+01 2.000000000000000000e+00
1.334999999999999787e+01 2.239999999999999858e+01 2.000000000000000000e+00
1.289999999999999858e+01 2.264999999999999858e+01 2.000000000000000000e+00
1.259999999999999787e+01 2.325000000000000000e+01 2.000000000000000000e+00
1.309999999999999787e+01 2.375000000000000000e+01 2.000000000000000000e+00
1.339999999999999858e+01 2.309999999999999787e+01 2.000000000000000000e+00
1.394999999999999929e+01 2.259999999999999787e+01 2.000000000000000000e+00
1.444999999999999929e+01 2.264999999999999858e+01 2.000000000000000000e+00
1.459999999999999787e+01 2.344999999999999929e+01 2.000000000000000000e+00
1.449999999999999822e+01 2.400000000000000000e+01 2.000000000000000000e+00
1.389999999999999858e+01 2.319999999999999929e+01 2.000000000000000000e+00
1.374999999999999822e+01 2.389999999999999858e+01 2.000000000000000000e+00
1.369999999999999929e+01 2.439999999999999858e+01 2.000000000000000000e+00
7.700000000000000178e+00 1.954999999999999716e+01 2.000000000000000000e+00
8.349999999999999645e+00 1.975000000000000000e+01 2.000000000000000000e+00
8.099999999999999645e+00 2.044999999999999929e+01 2.000000000000000000e+00
7.150000000000000355e+00 2.029999999999999716e+01 2.000000000000000000e+00
5.650000000000000355e+00 2.075000000000000000e+01 2.000000000000000000e+00
6.550000000000000711e+00 2.109999999999999787e+01 1.000000000000000000e+00
7.400000000000000355e+00 2.109999999999999787e+01 1.000000000000000000e+00
8.000000000000000000e+00 2.159999999999999787e+01 1.000000000000000000e+00
8.949999999999999289e+00 2.100000000000000000e+01 1.000000000000000000e+00
9.749999999999998224e+00 2.089999999999999858e+01 1.000000000000000000e+00
8.699999999999999289e+00 2.184999999999999787e+01 1.000000000000000000e+00
8.299999999999998934e+00 2.200000000000000000e+01 1.000000000000000000e+00
7.550000000000000711e+00 2.214999999999999858e+01 1.000000000000000000e+00
7.100000000000000533e+00 2.169999999999999929e+01 1.000000000000000000e+00
5.600000000000000533e+00 2.150000000000000000e+01 2.000000000000000000e+00
6.600000000000000533e+00 2.234999999999999787e+01 1.000000000000000000e+00
7.150000000000000355e+00 2.279999999999999716e+01 1.000000000000000000e+00
6.550000000000000711e+00 2.289999999999999858e+01 1.000000000000000000e+00
6.050000000000000711e+00 2.259999999999999787e+01 1.000000000000000000e+00
5.050000000000000711e+00 2.294999999999999929e+01 1.000000000000000000e+00
4.500000000000000000e+00 2.384999999999999787e+01 1.000000000000000000e+00
5.750000000000000000e+00 2.319999999999999929e+01 1.000000000000000000e+00
7.800000000000000711e+00 2.300000000000000000e+01 1.000000000000000000e+00
8.150000000000000355e+00 2.250000000000000000e+01 1.000000000000000000e+00
8.899999999999998579e+00 2.269999999999999929e+01 1.000000000000000000e+00
9.699999999999999289e+00 2.239999999999999858e+01 1.000000000000000000e+00
1.009999999999999787e+01 2.334999999999999787e+01 1.000000000000000000e+00
9.199999999999999289e+00 2.334999999999999787e+01 1.000000000000000000e+00
8.449999999999999289e+00 2.329999999999999716e+01 1.000000000000000000e+00
8.000000000000000000e+00 2.354999999999999716e+01 1.000000000000000000e+00
7.250000000000000000e+00 2.339999999999999858e+01 1.000000000000000000e+00
6.600000000000000533e+00 2.364999999999999858e+01 1.000000000000000000e+00
6.100000000000000533e+00 2.379999999999999716e+01 1.000000000000000000e+00
5.500000000000000000e+00 2.394999999999999929e+01 1.000000000000000000e+00
4.950000000000000178e+00 2.454999999999999716e+01 1.000000000000000000e+00
5.900000000000000355e+00 2.439999999999999858e+01 1.000000000000000000e+00
6.500000000000000000e+00 2.444999999999999929e+01 1.000000000000000000e+00
6.900000000000000355e+00 2.400000000000000000e+01 1.000000000000000000e+00
7.150000000000000355e+00 2.434999999999999787e+01 1.000000000000000000e+00
7.700000000000000178e+00 2.414999999999999858e+01 1.000000000000000000e+00
8.699999999999999289e+00 2.379999999999999716e+01 1.000000000000000000e+00
9.299999999999998934e+00 2.409999999999999787e+01 1.000000000000000000e+00
9.949999999999999289e+00 2.404999999999999716e+01 1.000000000000000000e+00
1.074999999999999822e+01 2.450000000000000000e+01 1.000000000000000000e+00
8.349999999999999645e+00 2.444999999999999929e+01 1.000000000000000000e+00
4.350000000000000533e+00 2.479999999999999716e+01 1.000000000000000000e+00
4.150000000000000355e+00 2.564999999999999858e+01 1.000000000000000000e+00
4.299999999999999822e+00 2.634999999999999787e+01 1.000000000000000000e+00
4.950000000000000178e+00 2.704999999999999716e+01 1.000000000000000000e+00
5.650000000000000355e+00 2.714999999999999858e+01 1.000000000000000000e+00
6.900000000000000355e+00 2.800000000000000000e+01 1.000000000000000000e+00
7.850000000000000533e+00 2.800000000000000000e+01 1.000000000000000000e+00
8.749999999999998224e+00 2.775000000000000000e+01 1.000000000000000000e+00
9.649999999999998579e+00 2.759999999999999787e+01 1.000000000000000000e+00
1.034999999999999787e+01 2.689999999999999858e+01 1.000000000000000000e+00
1.094999999999999929e+01 2.600000000000000000e+01 1.000000000000000000e+00
1.029999999999999893e+01 2.534999999999999787e+01 1.000000000000000000e+00
9.599999999999997868e+00 2.489999999999999858e+01 1.000000000000000000e+00
8.949999999999999289e+00 2.459999999999999787e+01 1.000000000000000000e+00
9.199999999999999289e+00 2.519999999999999929e+01 1.000000000000000000e+00
9.599999999999997868e+00 2.575000000000000000e+01 1.000000000000000000e+00
9.949999999999999289e+00 2.644999999999999929e+01 1.000000000000000000e+00
9.449999999999999289e+00 2.700000000000000000e+01 1.000000000000000000e+00
9.199999999999999289e+00 2.619999999999999929e+01 1.000000000000000000e+00
8.549999999999998934e+00 2.675000000000000000e+01 1.000000000000000000e+00
8.449999999999999289e+00 2.619999999999999929e+01 1.000000000000000000e+00
8.749999999999998224e+00 2.559999999999999787e+01 1.000000000000000000e+00
8.299999999999998934e+00 2.569999999999999929e+01 1.000000000000000000e+00
8.449999999999999289e+00 2.509999999999999787e+01 1.000000000000000000e+00
7.700000000000000178e+00 2.479999999999999716e+01 1.000000000000000000e+00
7.950000000000000178e+00 2.525000000000000000e+01 1.000000000000000000e+00
7.250000000000000000e+00 2.484999999999999787e+01 1.000000000000000000e+00
6.650000000000000355e+00 2.504999999999999716e+01 1.000000000000000000e+00
5.950000000000000178e+00 2.489999999999999858e+01 1.000000000000000000e+00
5.050000000000000711e+00 2.550000000000000000e+01 1.000000000000000000e+00
5.400000000000000355e+00 2.594999999999999929e+01 1.000000000000000000e+00
5.950000000000000178e+00 2.650000000000000000e+01 1.000000000000000000e+00
5.950000000000000178e+00 2.564999999999999858e+01 1.000000000000000000e+00
6.600000000000000533e+00 2.559999999999999787e+01 1.000000000000000000e+00
7.200000000000000178e+00 2.544999999999999929e+01 1.000000000000000000e+00
7.800000000000000711e+00 2.564999999999999858e+01 1.000000000000000000e+00
7.050000000000000711e+00 2.584999999999999787e+01 1.000000000000000000e+00
6.550000000000000711e+00 2.619999999999999929e+01 1.000000000000000000e+00
6.900000000000000355e+00 2.650000000000000000e+01 1.000000000000000000e+00
7.000000000000000000e+00 2.700000000000000000e+01 1.000000000000000000e+00
8.099999999999999645e+00 2.704999999999999716e+01 1.000000000000000000e+00
7.900000000000000355e+00 2.659999999999999787e+01 1.000000000000000000e+00
7.900000000000000355e+00 2.604999999999999716e+01 1.000000000000000000e+00
7.450000000000000178e+00 2.625000000000000000e+01 1.000000000000000000e+00
7.300000000000000711e+00 2.754999999999999716e+01 1.000000000000000000e+00
6.550000000000000711e+00 2.729999999999999716e+01 1.000000000000000000e+00
2.570149451276688168e+01 2.123246497802482580e+01 3.000000000000000000e+00
2.231135277339389233e+01 2.476066135004210267e+01 3.000000000000000000e+00
2.171240137334309139e+01 2.883276179062961475e+01 3.000000000000000000e+00
2.040037548144005086e+01 2.556390958197999907e+01 3.000000000000000000e+00
2.419337623176765106e+01 3.151556781441299293e+01 3.000000000000000000e+00
2.461534653157621477e+01 2.534431541468005022e+01 3.000000000000000000e+00
1.887762734982151969e+01 2.715980948934760519e+01 3.000000000000000000e+00
2.821162846901950161e+01 2.993042880430486719e+01 3.000000000000000000e+00
2.713322147456906208e+01 2.456567079707380330e+01 3.000000000000000000e+00
3.100027575625031773e+01 2.325478719950025663e+01 3.000000000000000000e+00
2.216644825795457763e+01 3.017661936927666133e+01 3.000000000000000000e+00
2.424428719126777310e+01 2.060593659459735960e+01 3.000000000000000000e+00
2.572106416055614986e+01 2.933963202594281583e+01 3.000000000000000000e+00
2.538740890765605229e+01 2.675769409247215691e+01 3.000000000000000000e+00
2.889167559010853381e+01 2.764084852305869688e+01 3.000000000000000000e+00
2.477782470793875547e+01 2.245039433744785384e+01 3.000000000000000000e+00
2.665022592161302484e+01 2.757233167479776981e+01 3.000000000000000000e+00
2.560900652421466361e+01 2.373017595634729204e+01 3.000000000000000000e+00
2.310211388631745422e+01 2.597358297404397831e+01 3.000000000000000000e+00
2.269337062510616931e+01 3.040349202856546995e+01 3.000000000000000000e+00
2.341500852055633430e+01 2.753320740263906785e+01 3.000000000000000000e+00
3.256860941574256429e+01 2.441586194151553713e+01 3.000000000000000000e+00
2.849514747022139005e+01 2.813810190652285215e+01 3.000000000000000000e+00
2.363306791500971471e+01 2.405528573466662934e+01 3.000000000000000000e+00
2.661268126575105342e+01 2.559208076487519534e+01 3.000000000000000000e+00
2.938149005532052271e+01 2.427367654973719624e+01 3.000000000000000000e+00
2.620560096674856965e+01 2.967767203666671350e+01 3.000000000000000000e+00
2.890681039296165267e+01 2.474383426682715381e+01 3.000000000000000000e+00
2.256183495638571657e+01 2.124168133433444439e+01 3.000000000000000000e+00
2.061747384163533070e+01 2.487503194167550546e+01 3.000000000000000000e+00
2.386800799066977774e+01 2.920610539143047646e+01 3.000000000000000000e+00
2.703702997291883747e+01 2.622611802235303813e+01 3.000000000000000000e+00
1.727734574747837470e+01 2.489066356926906565e+01 3.000000000000000000e+00
2.917034381398304177e+01 2.657408539494111110e+01 3.000000000000000000e+00
2.899598676981000978e+01 2.602229131843979104e+01 3.000000000000000000e+00
2.681189403416744454e+01 2.570403299644285866e+01 3.000000000000000000e+00
2.600267946465072555e+01 2.102862099421533770e+01 3.000000000000000000e+00
3.077022839379902308e+01 2.884870355908016748e+01 3.000000000000000000e+00
2.485623970436999741e+01 2.241874869486942146e+01 3.000000000000000000e+00
2.856333151974614282e+01 2.510222695241241553e+01 3.000000000000000000e+00
2.455556263969432962e+01 2.730476985888647334e+01 3.000000000000000000e+00
2.491076183000996735e+01 2.297807729978791969e+01 3.000000000000000000e+00
2.561531542133203132e+01 2.948033123352558960e+01 3.000000000000000000e+00
2.290424706496947493e+01 1.714032331523842601e+01 3.000000000000000000e+00
2.776956771437542670e+01 2.595395025488374330e+01 3.000000000000000000e+00
2.448909075601068963e+01 2.535497197690619586e+01 3.000000000000000000e+00
2.811499715320523407e+01 2.855181333869039761e+01 3.000000000000000000e+00
2.890084952510258631e+01 2.874154233724050655e+01 3.000000000000000000e+00
2.896511877379922595e+01 2.641664951879680245e+01 3.000000000000000000e+00
2.622704107279703933e+01 2.801399945892792687e+01 3.000000000000000000e+00
2.228835211686450890e+01 2.865762361135702108e+01 3.000000000000000000e+00
2.141239999981019793e+01 2.715293768268416841e+01 3.000000000000000000e+00
2.880825830032420498e+01 2.441454245146453417e+01 3.000000000000000000e+00
2.384138518227210568e+01 2.813043552192723240e+01 3.000000000000000000e+00
2.516079462679326895e+01 2.828691016683637827e+01 3.000000000000000000e+00
1.930729768223055132e+01 2.583948853825590675e+01 3.000000000000000000e+00
2.062008309832471298e+01 2.523528034073471460e+01 3.000000000000000000e+00
2.764701333625167479e+01 2.681418395978844416e+01 3.000000000000000000e+00
2.529968430701055127e+01 2.291654983572629689e+01 3.000000000000000000e+00
3.299885649004109212e+01 2.486336465380923499e+01 3.000000000000000000e+00
2.586223201754962986e+01 2.391521266406083512e+01 3.000000000000000000e+00
2.566773955914123562e+01 2.719198110968886795e+01 3.000000000000000000e+00
2.277662612254755814e+01 2.357744981156301733e+01 3.000000000000000000e+00
2.134545217986784849e+01 2.667344299769175109e+01 3.000000000000000000e+00
2.169358565389975269e+01 2.424940102732423952e+01 3.000000000000000000e+00
2.539409595348768178e+01 2.154174007295187465e+01 3.000000000000000000e+00
2.680055203368993944e+01 2.645215957225197911e+01 3.000000000000000000e+00
2.309527347321914093e+01 2.263690031324825469e+01 3.000000000000000000e+00
2.635332752177369997e+01 2.273535943843552332e+01 3.000000000000000000e+00
2.606218209814049658e+01 2.709540342516344325e+01 3.000000000000000000e+00
1.850428638354045319e+01 2.373288726109937841e+01 3.000000000000000000e+00
2.617222905036043556e+01 2.689584131926253363e+01 3.000000000000000000e+00
1.949557048057128483e+01 2.291685223039556973e+01 3.000000000000000000e+00
2.429966588965162444e+01 2.238503192388297691e+01 3.000000000000000000e+00
3.004883019545462020e+01 2.407202903708979846e+01 3.000000000000000000e+00
2.302101910616398328e+01 2.633701765038029663e+01 3.000000000000000000e+00
2.710951824691959899e+01 2.798897657231178471e+01 3.000000000000000000e+00
2.792354078989238886e+01 2.581235526942185743e+01 3.000000000000000000e+00
2.571723279004615392e+01 2.398704663723920660e+01 3.000000000000000000e+00
2.476786027660827116e+01 2.826008693308319408e+01 3.000000000000000000e+00
1.901025459594931277e+01 2.419359906330828380e+01 3.000000000000000000e+00
2.274919908430294413e+01 2.656280010120300261e+01 3.000000000000000000e+00
2.470331416802397939e+01 2.122956724259945105e+01 3.000000000000000000e+00
2.058456983923407790e+01 2.535162642892735363e+01 3.000000000000000000e+00
1.837406556213101538e+01 2.785287449586378372e+01 3.000000000000000000e+00
2.461177758009055339e+01 2.339911199432596689e+01 3.000000000000000000e+00
2.485051692346847219e+01 2.280761617191120649e+01 3.000000000000000000e+00
2.718638952756745297e+01 2.517041648272231669e+01 3.000000000000000000e+00
2.298032373416696217e+01 2.427219449575182963e+01 3.000000000000000000e+00
2.419519053591622892e+01 2.781925130594103734e+01 3.000000000000000000e+00
2.021113712148747510e+01 2.351868114104894403e+01 3.000000000000000000e+00
2.159214480343030118e+01 2.963466292190998530e+01 3.000000000000000000e+00
2.033203154332338158e+01 2.354441922050312286e+01 3.000000000000000000e+00
2.374945449001113573e+01 2.712655686268002952e+01 3.000000000000000000e+00
2.568924910001808826e+01 2.297533433793069690e+01 3.000000000000000000e+00
1.990331776652517348e+01 2.693498059058499550e+01 3.000000000000000000e+00
2.175095647682534405e+01 2.417065212557262299e+01 3.000000000000000000e+00
2.320859604748203964e+01 2.891249275533064989e+01 3.000000000000000000e+00
2.374048575135741856e+01 2.639594291635361145e+01 3.000000000000000000e+00
2.539506969624454413e+01 2.756822212701902330e+01 3.000000000000000000e+00
-2.062236021463776936e+01 -1.706668113513006091e+01 4.000000000000000000e+00
-2.161246419470172242e+01 -2.219067188070282270e+01 4.000000000000000000e+00
-2.073606118664796227e+01 -2.466959261832510464e+01 4.000000000000000000e+00
-1.932405603017892304e+01 -1.937724805306425679e+01 4.000000000000000000e+00
-2.093672714530888612e+01 -1.462912326930184825e+01 4.000000000000000000e+00
-2.028877192544850416e+01 -2.238461286150633356e+01 4.000000000000000000e+00
-1.848276917151869725e+01 -2.132972430792483109e+01 4.000000000000000000e+00
-1.984380001506174196e+01 -1.989827850020391864e+01 4.000000000000000000e+00
-2.058615595500006634e+01 -2.238149377189443356e+01 4.000000000000000000e+00
-2.245304224316710062e+01 -1.281469237884304313e+01 4.000000000000000000e+00
-1.292821808663822658e+01 -2.460670290452951292e+01 4.000000000000000000e+00
-1.997009489077346700e+01 -2.774182221154891437e+01 4.000000000000000000e+00
-1.799368283380725231e+01 -1.800536669355801322e+01 4.000000000000000000e+00
-2.151330278975767740e+01 -1.995201500391335614e+01 4.000000000000000000e+00
-1.128338578756425647e+01 -2.102701035375092431e+01 4.000000000000000000e+00
-1.586507122728423269e+01 -1.268956299632414186e+01 4.000000000000000000e+00
-1.514172299078346029e+01 -1.836460202421066512e+01 4.000000000000000000e+00
-1.459579916273901645e+01 -1.566869913018533111e+01 4.000000000000000000e+00
-1.910333066723012152e+01 -2.079873699497245809e+01 4.000000000000000000e+00
-2.299114156168846890e+01 -2.256055093373853282e+01 4.000000000000000000e+00
-2.050751187442351764e+01 -1.543868896144270408e+01 4.000000000000000000e+00
-2.103781984009915362e+01 -1.549272706318861381e+01 4.000000000000000000e+00
-1.970396761990003398e+01 -2.067134782082161593e+01 4.000000000000000000e+00
-1.296008786645960242e+01 -2.189873150857810558e+01 4.000000000000000000e+00
-1.879178989205172456e+01 -2.173973140365489343e+01 4.000000000000000000e+00
-2.349556121447125534e+01 -1.463974315797814540e+01 4.000000000000000000e+00
-1.521591040011652041e+01 -1.931703259358972247e+01 4.000000000000000000e+00
-2.291410128079562369e+01 -2.212030585016862005e+01 4.000000000000000000e+00
-2.243618699794031812e+01 -1.819777953586363495e+01 4.000000000000000000e+00
-2.126937079814588927e+01 -1.502206172182657440e+01 4.000000000000000000e+00
-2.021779058132916163e+01 -2.074501407020821020e+01 4.000000000000000000e+00
-2.497829330273146198e+01 -1.723588954108081950e+01 4.000000000000000000e+00
-2.309630915814174656e+01 -2.225859126736947502e+01 4.000000000000000000e+00
-1.551924166607074440e+01 -1.301912906610185061e+01 4.000000000000000000e+00
-2.059427221021248755e+01 -1.916658050966206162e+01 4.000000000000000000e+00
-1.693012692817406872e+01 -1.444269715330433712e+01 4.000000000000000000e+00
-2.275438124780218985e+01 -2.135188397117975967e+01 4.000000000000000000e+00
-1.583425198947646351e+01 -2.179728507377469171e+01 4.000000000000000000e+00
-1.852195219441521701e+01 -2.710221600005162301e+01 4.000000000000000000e+00
-1.572263034714293184e+01 -1.472158901025085598e+01 4.000000000000000000e+00
-1.735960562870552337e+01 -2.039315526648616839e+01 4.000000000000000000e+00
-1.771093313413475911e+01 -1.656267743878767718e+01 4.000000000000000000e+00
-2.308536721933501568e+01 -1.030680474944207958e+01 4.000000000000000000e+00
-2.619257736613699450e+01 -1.242458328742887375e+01 4.000000000000000000e+00
-2.442554906337212728e+01 -2.000922323799080260e+01 4.000000000000000000e+00
-2.114182461665043533e+01 -1.708023668259552963e+01 4.000000000000000000e+00
-2.617258569664935308e+01 -2.038923169521715195e+01 4.000000000000000000e+00
-2.649576390500755707e+01 -1.298791071469725544e+01 4.000000000000000000e+00
-1.624066597746864815e+01 -1.773289251515155840e+01 4.000000000000000000e+00
-2.059598402715312560e+01 -2.683311921273724465e+01 4.000000000000000000e+00
-2.203806129168974337e+01 -1.775374975423046919e+01 4.000000000000000000e+00
-1.807275421389924119e+01 -2.109916510524028510e+01 4.000000000000000000e+00
-2.323720792068812102e+01 -2.150866030586408684e+01 4.000000000000000000e+00
-2.792835078683101813e+01 -1.740154821774270388e+01 4.000000000000000000e+00
-1.811510207897181601e+01 -1.842069005248338343e+01 4.000000000000000000e+00
-2.047814250031156647e+01 -1.727766744491453110e+01 4.000000000000000000e+00
-2.575410535944998713e+01 -2.465117373525654898e+01 4.000000000000000000e+00
-1.937943865889819506e+01 -1.977926230945832131e+01 4.000000000000000000e+00
-2.575673363281518391e+01 -2.366523451931696798e+01 4.000000000000000000e+00
-1.990600694095772027e+01 -2.267662792402380134e+01 4.000000000000000000e+00
-3.079687898856658990e+01 -1.884068406512099969e+01 4.000000000000000000e+00
-1.675892466774001832e+01 -2.665671375822861577e+01 4.000000000000000000e+00
-2.133150432438882049e+01 -2.154182604176410720e+01 4.000000000000000000e+00
-1.597066099496738012e+01 -2.340451781253208452e+01 4.000000000000000000e+00
-2.172603032972602932e+01 -2.506076470909765419e+01 4.000000000000000000e+00
-2.555558048765538715e+01 -1.995933914242738538e+01 4.000000000000000000e+00
-1.900215375551747599e+01 -2.472516328554922893e+01 4.000000000000000000e+00
-2.136162635302132529e+01 -2.668974053061202767e+01 4.000000000000000000e+00
-1.730106336855286386e+01 -1.532901415565667413e+01 4.000000000000000000e+00
-1.571254497688289575e+01 -1.986749347355192796e+01 4.000000000000000000e+00
-1.871790907121829051e+01 -2.781700366953448977e+01 4.000000000000000000e+00
-1.773162429912314408e+01 -1.905940590346683905e+01 4.000000000000000000e+00
-1.484413790821871793e+01 -1.877957041922682890e+01 4.000000000000000000e+00
-1.509774440715155386e+01 -1.708711980087263527e+01 4.000000000000000000e+00
-1.730455707447015001e+01 -2.001442814897511369e+01 4.000000000000000000e+00
-1.770235981258466396e+01 -2.497376878249508536e+01 4.000000000000000000e+00
-2.055654802500727385e+01 -2.118839276473129729e+01 4.000000000000000000e+00
-2.477701486060150771e+01 -1.562911078502147966e+01 4.000000000000000000e+00
-2.380634542114443875e+01 -2.096398960659377053e+01 4.000000000000000000e+00
-2.524034535859119899e+01 -1.703850751003185948e+01 4.000000000000000000e+00
-1.912263912657315501e+01 -1.302645176224673307e+01 4.000000000000000000e+00
-2.545417323259107079e+01 -1.683605848440218011e+01 4.000000000000000000e+00
-2.245141513596476557e+01 -1.831744157928676842e+01 4.000000000000000000e+00
-1.943249335985836623e+01 -2.130181804143793656e+01 4.000000000000000000e+00
-1.974149992194373127e+01 -2.346498753587383845e+01 4.000000000000000000e+00
-1.593398155439272301e+01 -1.394805269254142210e+01 4.000000000000000000e+00
-1.916346269503785393e+01 -1.650217197959807081e+01 4.000000000000000000e+00
-2.348083299582960848e+01 -2.134701332485252223e+01 4.000000000000000000e+00
-2.795674800769436530e+01 -2.259729738273832922e+01 4.000000000000000000e+00
-3.128164108251213449e+01 -2.115074455679314980e+01 4.000000000000000000e+00
-1.144167155412386983e+01 -2.163119973444834088e+01 4.000000000000000000e+00
-1.980617054035315405e+01 -1.042706570548112488e+01 4.000000000000000000e+00
-1.778096357809835837e+01 -1.899543122401795259e+01 4.000000000000000000e+00
-2.192956300983581741e+01 -2.371759439662819702e+01 4.000000000000000000e+00
-2.168182509172367034e+01 -2.291026189238301214e+01 4.000000000000000000e+00
-1.477502516622718609e+01 -1.257871490754384958e+01 4.000000000000000000e+00
-2.584968964123261870e+01 -2.318411753531663066e+01 4.000000000000000000e+00
-1.741212949854022796e+01 -2.275123054980754134e+01 4.000000000000000000e+00
-2.047358135310437888e+01 -2.077763017075783480e+01 4.000000000000000000e+00
-1.612228175654907147e+01 -1.829214263438946375e+01 4.000000000000000000e+00
