3.194999999999999929e+01 7.950000000000000178e+00 3.000000000000000000e+00
3.114999999999999858e+01 7.299999999999999822e+00 3.000000000000000000e+00
3.044999999999999929e+01 6.650000000000000355e+00 3.000000000000000000e+00
2.969999999999999929e+01 6.000000000000000000e+00 3.000000000000000000e+00
2.889999999999999858e+01 5.549999999999999822e+00 3.000000000000000000e+00
2.805000000000000071e+01 5.000000000000000000e+00 3.000000000000000000e+00
2.719999999999999929e+01 4.549999999999999822e+00 3.000000000000000000e+00
2.635000000000000142e+01 4.150000000000000355e+00 3.000000000000000000e+00
2.539999999999999858e+01 3.850000000000000089e+00 3.000000000000000000e+00
2.460000000000000142e+01 3.600000000000000089e+00 3.000000000000000000e+00
2.360000000000000142e+01 3.299999999999999822e+00 3.000000000000000000e+00
2.275000000000000000e+01 3.149999999999999911e+00 3.000000000000000000e+00
2.185000000000000142e+01 3.049999999999999822e+00 3.000000000000000000e+00
2.089999999999999858e+01 3.000000000000000000e+00 3.000000000000000000e+00
2.000000000000000000e+01 2.899999999999999911e+00 3.000000000000000000e+00
1.910000000000000142e+01 3.000000000000000000e+00 3.000000000000000000e+00
1.819999999999999929e+01 3.200000000000000178e+00 3.000000000000000000e+00
1.730000000000000071e+01 3.250000000000000000e+00 3.000000000000000000e+00
1.655000000000000071e+01 3.500000000000000000e+00 3.000000000000000000e+00
1.569999999999999929e+01 3.700000000000000178e+00 3.000000000000000000e+00
1.484999999999999964e+01 4.099999999999999645e+00 3.000000000000000000e+00
1.415000000000000036e+01 4.400000000000000355e+00 3.000000000000000000e+00
1.340000000000000036e+01 4.750000000000000000e+00 3.000000000000000000e+00
1.269999999999999929e+01 5.200000000000000178e+00 3.000000000000000000e+00
1.205000000000000071e+01 5.650000000000000355e+00 3.000000000000000000e+00
1.144999999999999929e+01 6.150000000000000355e+00 3.000000000000000000e+00
1.090000000000000036e+01 6.650000000000000355e+00 3.000000000000000000e+00
1.030000000000000071e+01 7.250000000000000000e+00 3.000000000000000000e+00
9.699999999999999289e+00 7.849999999999999645e+00 3.000000000000000000e+00
9.349999999999999645e+00 8.349999999999999645e+00 3.000000000000000000e+00
8.900000000000000355e+00 9.050000000000000711e+00 3.000000000000000000e+00
8.550000000000000711e+00 9.650000000000000355e+00 3.000000000000000000e+00
8.150000000000000355e+00 1.034999999999999964e+01 3.000000000000000000e+00
7.950000000000000178e+00 1.094999999999999929e+01 3.000000000000000000e+00
7.750000000000000000e+00 1.169999999999999929e+01 3.000000000000000000e+00
7.549999999999999822e+00 1.234999999999999964e+01 3.000000000000000000e+00
7.450000000000000178e+00 1.300000000000000000e+01 3.000000000000000000e+00
7.349999999999999645e+00 1.375000000000000000e+01 3.000000000000000000e+00
7.299999999999999822e+00 1.434999999999999964e+01 3.000000000000000000e+00
7.349999999999999645e+00 1.494999999999999929e+01 3.000000000000000000e+00
7.349999999999999645e+00 1.575000000000000000e+01 3.000000000000000000e+00
7.549999999999999822e+00 1.635000000000000142e+01 3.000000000000000000e+00
7.700000000000000178e+00 1.694999999999999929e+01 3.000000000000000000e+00
7.799999999999999822e+00 1.755000000000000071e+01 3.000000000000000000e+00
8.050000000000000711e+00 1.814999999999999858e+01 3.000000000000000000e+00
8.300000000000000711e+00 1.875000000000000000e+01 3.000000000000000000e+00
8.650000000000000355e+00 1.930000000000000071e+01 3.000000000000000000e+00
8.900000000000000355e+00 1.985000000000000142e+01 3.000000000000000000e+00
9.300000000000000711e+00 2.030000000000000071e+01 3.000000000000000000e+00
9.650000000000000355e+00 2.080000000000000071e+01 3.000000000000000000e+00
1.019999999999999929e+01 2.125000000000000000e+01 3.000000000000000000e+00
1.059999999999999964e+01 2.164999999999999858e+01 3.000000000000000000e+00
1.109999999999999964e+01 2.214999999999999858e+01 3.000000000000000000e+00
1.155000000000000071e+01 2.244999999999999929e+01 3.000000000000000000e+00
1.194999999999999929e+01 2.269999999999999929e+01 3.000000000000000000e+00
1.255000000000000071e+01 2.300000000000000000e+01 3.000000000000000000e+00
1.305000000000000071e+01 2.319999999999999929e+01 3.000000000000000000e+00
1.344999999999999929e+01 2.339999999999999858e+01 3.000000000000000000e+00
1.400000000000000000e+01 2.355000000000000071e+01 3.000000000000000000e+00
1.455000000000000071e+01 2.360000000000000142e+01 3.000000000000000000e+00
1.509999999999999964e+01 2.375000000000000000e+01 3.000000000000000000e+00
1.569999999999999929e+01 2.375000000000000000e+01 3.000000000000000000e+00
1.614999999999999858e+01 2.385000000000000142e+01 3.000000000000000000e+00
1.669999999999999929e+01 2.380000000000000071e+01 3.000000000000000000e+00
1.714999999999999858e+01 2.375000000000000000e+01 3.000000000000000000e+00
1.775000000000000000e+01 2.375000000000000000e+01 3.000000000000000000e+00
1.819999999999999929e+01 2.360000000000000142e+01 3.000000000000000000e+00
1.864999999999999858e+01 2.350000000000000000e+01 3.000000000000000000e+00
1.910000000000000142e+01 2.335000000000000142e+01 3.000000000000000000e+00
1.960000000000000142e+01 2.314999999999999858e+01 3.000000000000000000e+00
2.000000000000000000e+01 2.294999999999999929e+01 3.000000000000000000e+00
2.039999999999999858e+01 2.269999999999999929e+01 3.000000000000000000e+00
2.069999999999999929e+01 2.255000000000000071e+01 3.000000000000000000e+00
2.100000000000000000e+01 2.214999999999999858e+01 3.000000000000000000e+00
2.144999999999999929e+01 2.194999999999999929e+01 3.000000000000000000e+00
2.175000000000000000e+01 2.155000000000000071e+01 3.000000000000000000e+00
2.200000000000000000e+01 2.125000000000000000e+01 3.000000000000000000e+00
2.225000000000000000e+01 2.100000000000000000e+01 3.000000000000000000e+00
2.250000000000000000e+01 2.069999999999999929e+01 3.000000000000000000e+00
2.264999999999999858e+01 2.035000000000000142e+01 3.000000000000000000e+00
2.275000000000000000e+01 2.005000000000000071e+01 3.000000000000000000e+00
2.289999999999999858e+01 1.964999999999999858e+01 3.000000000000000000e+00
2.300000000000000000e+01 1.935000000000000142e+01 3.000000000000000000e+00
2.310000000000000142e+01 1.900000000000000000e+01 3.000000000000000000e+00
2.314999999999999858e+01 1.864999999999999858e+01 3.000000000000000000e+00
2.319999999999999929e+01 1.825000000000000000e+01 3.000000000000000000e+00
2.319999999999999929e+01 1.805000000000000071e+01 3.000000000000000000e+00
2.319999999999999929e+01 1.780000000000000071e+01 3.000000000000000000e+00
2.310000000000000142e+01 1.744999999999999929e+01 3.000000000000000000e+00
2.305000000000000071e+01 1.714999999999999858e+01 3.000000000000000000e+00
2.289999999999999858e+01 1.689999999999999858e+01 3.000000000000000000e+00
2.285000000000000142e+01 1.660000000000000142e+01 3.000000000000000000e+00
2.269999999999999929e+01 1.639999999999999858e+01 3.000000000000000000e+00
2.260000000000000142e+01 1.619999999999999929e+01 3.000000000000000000e+00
2.255000000000000071e+01 1.605000000000000071e+01 3.000000000000000000e+00
2.239999999999999858e+01 1.594999999999999929e+01 3.000000000000000000e+00
2.235000000000000142e+01 1.580000000000000071e+01 3.000000000000000000e+00
2.219999999999999929e+01 1.565000000000000036e+01 3.000000000000000000e+00
2.214999999999999858e+01 1.555000000000000071e+01 3.000000000000000000e+00
2.200000000000000000e+01 1.540000000000000036e+01 3.000000000000000000e+00
2.189999999999999858e+01 1.530000000000000071e+01 3.000000000000000000e+00
2.185000000000000142e+01 1.525000000000000000e+01 3.000000000000000000e+00
2.175000000000000000e+01 1.515000000000000036e+01 3.000000000000000000e+00
2.164999999999999858e+01 1.505000000000000071e+01 3.000000000000000000e+00
2.155000000000000071e+01 1.500000000000000000e+01 3.000000000000000000e+00
2.150000000000000000e+01 1.490000000000000036e+01 3.000000000000000000e+00
1.935000000000000142e+01 3.164999999999999858e+01 1.000000000000000000e+00
2.035000000000000142e+01 3.144999999999999929e+01 1.000000000000000000e+00
2.135000000000000142e+01 3.110000000000000142e+01 1.000000000000000000e+00
2.225000000000000000e+01 3.089999999999999858e+01 1.000000000000000000e+00
2.319999999999999929e+01 3.044999999999999929e+01 1.000000000000000000e+00
2.394999999999999929e+01 3.005000000000000071e+01 1.000000000000000000e+00
2.489999999999999858e+01 2.964999999999999858e+01 1.000000000000000000e+00
2.560000000000000142e+01 2.905000000000000071e+01 1.000000000000000000e+00
2.635000000000000142e+01 2.850000000000000000e+01 1.000000000000000000e+00
2.714999999999999858e+01 2.789999999999999858e+01 1.000000000000000000e+00
2.775000000000000000e+01 2.735000000000000142e+01 1.000000000000000000e+00
2.830000000000000071e+01 2.660000000000000142e+01 1.000000000000000000e+00
2.894999999999999929e+01 2.585000000000000142e+01 1.000000000000000000e+00
2.950000000000000000e+01 2.514999999999999858e+01 1.000000000000000000e+00
2.994999999999999929e+01 2.444999999999999929e+01 1.000000000000000000e+00
3.039999999999999858e+01 2.369999999999999929e+01 1.000000000000000000e+00
3.060000000000000142e+01 2.289999999999999858e+01 1.000000000000000000e+00
3.089999999999999858e+01 2.210000000000000142e+01 1.000000000000000000e+00
3.125000000000000000e+01 2.130000000000000071e+01 1.000000000000000000e+00
3.135000000000000142e+01 2.055000000000000071e+01 1.000000000000000000e+00
3.150000000000000000e+01 1.969999999999999929e+01 1.000000000000000000e+00
3.155000000000000071e+01 1.889999999999999858e+01 1.000000000000000000e+00
3.164999999999999858e+01 1.814999999999999858e+01 1.000000000000000000e+00
3.160000000000000142e+01 1.735000000000000142e+01 1.000000000000000000e+00
3.144999999999999929e+01 1.655000000000000071e+01 1.000000000000000000e+00
3.130000000000000071e+01 1.580000000000000071e+01 1.000000000000000000e+00
3.114999999999999858e+01 1.505000000000000071e+01 1.000000000000000000e+00
3.089999999999999858e+01 1.434999999999999964e+01 1.000000000000000000e+00
3.060000000000000142e+01 1.365000000000000036e+01 1.000000000000000000e+00
3.030000000000000071e+01 1.300000000000000000e+01 1.000000000000000000e+00
2.989999999999999858e+01 1.230000000000000071e+01 1.000000000000000000e+00
2.950000000000000000e+01 1.175000000000000000e+01 1.000000000000000000e+00
2.900000000000000000e+01 1.115000000000000036e+01 1.000000000000000000e+00
2.850000000000000000e+01 1.059999999999999964e+01 1.000000000000000000e+00
2.800000000000000000e+01 1.009999999999999964e+01 1.000000000000000000e+00
2.755000000000000071e+01 9.650000000000000355e+00 1.000000000000000000e+00
2.689999999999999858e+01 9.099999999999999645e+00 1.000000000000000000e+00
2.625000000000000000e+01 8.800000000000000711e+00 1.000000000000000000e+00
2.569999999999999929e+01 8.400000000000000355e+00 1.000000000000000000e+00
2.514999999999999858e+01 8.050000000000000711e+00 1.000000000000000000e+00
2.450000000000000000e+01 7.750000000000000000e+00 1.000000000000000000e+00
2.389999999999999858e+01 7.650000000000000355e+00 1.000000000000000000e+00
2.314999999999999858e+01 7.400000000000000355e+00 1.000000000000000000e+00
2.250000000000000000e+01 7.299999999999999822e+00 1.000000000000000000e+00
2.189999999999999858e+01 7.099999999999999645e+00 1.000000000000000000e+00
2.125000000000000000e+01 7.049999999999999822e+00 1.000000000000000000e+00
2.050000000000000000e+01 7.000000000000000000e+00 1.000000000000000000e+00
1.989999999999999858e+01 6.950000000000000178e+00 1.000000000000000000e+00
1.925000000000000000e+01 7.049999999999999822e+00 1.000000000000000000e+00
1.875000000000000000e+01 7.099999999999999645e+00 1.000000000000000000e+00
1.805000000000000071e+01 7.250000000000000000e+00 1.000000000000000000e+00
1.750000000000000000e+01 7.349999999999999645e+00 1.000000000000000000e+00
1.689999999999999858e+01 7.599999999999999645e+00 1.000000000000000000e+00
1.635000000000000142e+01 7.799999999999999822e+00 1.000000000000000000e+00
1.580000000000000071e+01 8.050000000000000711e+00 1.000000000000000000e+00
1.540000000000000036e+01 8.349999999999999645e+00 1.000000000000000000e+00
1.490000000000000036e+01 8.699999999999999289e+00 1.000000000000000000e+00
1.444999999999999929e+01 8.900000000000000355e+00 1.000000000000000000e+00
1.394999999999999929e+01 9.300000000000000711e+00 1.000000000000000000e+00
1.359999999999999964e+01 9.650000000000000355e+00 1.000000000000000000e+00
1.325000000000000000e+01 1.009999999999999964e+01 1.000000000000000000e+00
1.294999999999999929e+01 1.055000000000000071e+01 1.000000000000000000e+00
1.265000000000000036e+01 1.090000000000000036e+01 1.000000000000000000e+00
1.234999999999999964e+01 1.140000000000000036e+01 1.000000000000000000e+00
1.219999999999999929e+01 1.175000000000000000e+01 1.000000000000000000e+00
1.194999999999999929e+01 1.219999999999999929e+01 1.000000000000000000e+00
1.180000000000000071e+01 1.265000000000000036e+01 1.000000000000000000e+00
1.175000000000000000e+01 1.305000000000000071e+01 1.000000000000000000e+00
1.155000000000000071e+01 1.359999999999999964e+01 1.000000000000000000e+00
1.155000000000000071e+01 1.400000000000000000e+01 1.000000000000000000e+00
1.155000000000000071e+01 1.434999999999999964e+01 1.000000000000000000e+00
1.155000000000000071e+01 1.469999999999999929e+01 1.000000000000000000e+00
1.159999999999999964e+01 1.525000000000000000e+01 1.000000000000000000e+00
1.165000000000000036e+01 1.569999999999999929e+01 1.000000000000000000e+00
1.180000000000000071e+01 1.605000000000000071e+01 1.000000000000000000e+00
1.184999999999999964e+01 1.650000000000000000e+01 1.000000000000000000e+00
1.200000000000000000e+01 1.675000000000000000e+01 1.000000000000000000e+00
1.215000000000000036e+01 1.719999999999999929e+01 1.000000000000000000e+00
1.230000000000000071e+01 1.760000000000000142e+01 1.000000000000000000e+00
1.255000000000000071e+01 1.785000000000000142e+01 1.000000000000000000e+00
1.280000000000000071e+01 1.805000000000000071e+01 1.000000000000000000e+00
1.309999999999999964e+01 1.839999999999999858e+01 1.000000000000000000e+00
1.330000000000000071e+01 1.860000000000000142e+01 1.000000000000000000e+00
1.355000000000000071e+01 1.885000000000000142e+01 1.000000000000000000e+00
1.380000000000000071e+01 1.905000000000000071e+01 1.000000000000000000e+00
1.415000000000000036e+01 1.925000000000000000e+01 1.000000000000000000e+00
1.444999999999999929e+01 1.950000000000000000e+01 1.000000000000000000e+00
1.484999999999999964e+01 1.955000000000000071e+01 1.000000000000000000e+00
1.500000000000000000e+01 1.969999999999999929e+01 1.000000000000000000e+00
1.525000000000000000e+01 1.969999999999999929e+01 1.000000000000000000e+00
1.555000000000000071e+01 1.985000000000000142e+01 1.000000000000000000e+00
1.594999999999999929e+01 1.989999999999999858e+01 1.000000000000000000e+00
1.619999999999999929e+01 1.989999999999999858e+01 1.000000000000000000e+00
1.655000000000000071e+01 1.989999999999999858e+01 1.000000000000000000e+00
1.685000000000000142e+01 1.989999999999999858e+01 1.000000000000000000e+00
1.719999999999999929e+01 1.989999999999999858e+01 1.000000000000000000e+00
1.739999999999999858e+01 1.980000000000000071e+01 1.000000000000000000e+00
1.764999999999999858e+01 1.975000000000000000e+01 1.000000000000000000e+00
1.780000000000000071e+01 1.969999999999999929e+01 1.000000000000000000e+00
1.800000000000000000e+01 1.960000000000000142e+01 1.000000000000000000e+00
1.819999999999999929e+01 1.955000000000000071e+01 1.000000000000000000e+00
3.899999999999999911e+00 9.599999999999999645e+00 2.000000000000000000e+00
3.549999999999999822e+00 1.065000000000000036e+01 2.000000000000000000e+00
3.350000000000000089e+00 1.140000000000000036e+01 2.000000000000000000e+00
3.100000000000000089e+00 1.234999999999999964e+01 2.000000000000000000e+00
3.100000000000000089e+00 1.325000000000000000e+01 2.000000000000000000e+00
3.049999999999999822e+00 1.415000000000000036e+01 2.000000000000000000e+00
3.000000000000000000e+00 1.509999999999999964e+01 2.000000000000000000e+00
3.100000000000000089e+00 1.600000000000000000e+01 2.000000000000000000e+00
3.200000000000000178e+00 1.685000000000000142e+01 2.000000000000000000e+00
3.450000000000000178e+00 1.775000000000000000e+01 2.000000000000000000e+00
3.700000000000000178e+00 1.869999999999999929e+01 2.000000000000000000e+00
3.950000000000000178e+00 1.955000000000000071e+01 2.000000000000000000e+00
4.349999999999999645e+00 2.025000000000000000e+01 2.000000000000000000e+00
4.700000000000000178e+00 2.110000000000000142e+01 2.000000000000000000e+00
5.150000000000000355e+00 2.180000000000000071e+01 2.000000000000000000e+00
5.599999999999999645e+00 2.250000000000000000e+01 2.000000000000000000e+00
6.200000000000000178e+00 2.330000000000000071e+01 2.000000000000000000e+00
6.799999999999999822e+00 2.385000000000000142e+01 2.000000000000000000e+00
7.349999999999999645e+00 2.444999999999999929e+01 2.000000000000000000e+00
8.050000000000000711e+00 2.494999999999999929e+01 2.000000000000000000e+00
8.800000000000000711e+00 2.544999999999999929e+01 2.000000000000000000e+00
9.500000000000000000e+00 2.600000000000000000e+01 2.000000000000000000e+00
1.019999999999999929e+01 2.635000000000000142e+01 2.000000000000000000e+00
1.090000000000000036e+01 2.675000000000000000e+01 2.000000000000000000e+00
1.169999999999999929e+01 2.700000000000000000e+01 2.000000000000000000e+00
1.244999999999999929e+01 2.725000000000000000e+01 2.000000000000000000e+00
1.330000000000000071e+01 2.760000000000000142e+01 2.000000000000000000e+00
1.405000000000000071e+01 2.760000000000000142e+01 2.000000000000000000e+00
1.469999999999999929e+01 2.775000000000000000e+01 2.000000000000000000e+00
1.555000000000000071e+01 2.775000000000000000e+01 2.000000000000000000e+00
1.639999999999999858e+01 2.775000000000000000e+01 2.000000000000000000e+00
1.710000000000000142e+01 2.775000000000000000e+01 2.000000000000000000e+00
1.789999999999999858e+01 2.775000000000000000e+01 2.000000000000000000e+00
1.855000000000000071e+01 2.769999999999999929e+01 2.000000000000000000e+00
1.935000000000000142e+01 2.760000000000000142e+01 2.000000000000000000e+00
2.010000000000000142e+01 2.735000000000000142e+01 2.000000000000000000e+00
2.069999999999999929e+01 2.710000000000000142e+01 2.000000000000000000e+00
2.144999999999999929e+01 2.680000000000000071e+01 2.000000000000000000e+00
2.205000000000000071e+01 2.650000000000000000e+01 2.000000000000000000e+00
2.269999999999999929e+01 2.614999999999999858e+01 2.000000000000000000e+00
2.335000000000000142e+01 2.564999999999999858e+01 2.000000000000000000e+00
2.380000000000000071e+01 2.530000000000000071e+01 2.000000000000000000e+00
2.430000000000000071e+01 2.485000000000000142e+01 2.000000000000000000e+00
2.475000000000000000e+01 2.435000000000000142e+01 2.000000000000000000e+00
2.525000000000000000e+01 2.394999999999999929e+01 2.000000000000000000e+00
2.564999999999999858e+01 2.344999999999999929e+01 2.000000000000000000e+00
2.605000000000000071e+01 2.300000000000000000e+01 2.000000000000000000e+00
2.619999999999999929e+01 2.230000000000000071e+01 2.000000000000000000e+00
2.660000000000000142e+01 2.180000000000000071e+01 2.000000000000000000e+00
2.675000000000000000e+01 2.125000000000000000e+01 2.000000000000000000e+00
2.700000000000000000e+01 2.069999999999999929e+01 2.000000000000000000e+00
2.714999999999999858e+01 2.014999999999999858e+01 2.000000000000000000e+00
2.714999999999999858e+01 1.960000000000000142e+01 2.000000000000000000e+00
2.735000000000000142e+01 1.910000000000000142e+01 2.000000000000000000e+00
2.735000000000000142e+01 1.844999999999999929e+01 2.000000000000000000e+00
2.739999999999999858e+01 1.800000000000000000e+01 2.000000000000000000e+00
2.730000000000000071e+01 1.739999999999999858e+01 2.000000000000000000e+00
2.714999999999999858e+01 1.689999999999999858e+01 2.000000000000000000e+00
2.700000000000000000e+01 1.639999999999999858e+01 2.000000000000000000e+00
2.700000000000000000e+01 1.590000000000000036e+01 2.000000000000000000e+00
2.675000000000000000e+01 1.534999999999999964e+01 2.000000000000000000e+00
2.655000000000000071e+01 1.484999999999999964e+01 2.000000000000000000e+00
2.630000000000000071e+01 1.444999999999999929e+01 2.000000000000000000e+00
2.594999999999999929e+01 1.409999999999999964e+01 2.000000000000000000e+00
2.575000000000000000e+01 1.369999999999999929e+01 2.000000000000000000e+00
2.535000000000000142e+01 1.330000000000000071e+01 2.000000000000000000e+00
2.505000000000000071e+01 1.294999999999999929e+01 2.000000000000000000e+00
2.480000000000000071e+01 1.269999999999999929e+01 2.000000000000000000e+00
2.439999999999999858e+01 1.244999999999999929e+01 2.000000000000000000e+00
2.405000000000000071e+01 1.219999999999999929e+01 2.000000000000000000e+00
2.355000000000000071e+01 1.184999999999999964e+01 2.000000000000000000e+00
2.319999999999999929e+01 1.165000000000000036e+01 2.000000000000000000e+00
2.275000000000000000e+01 1.140000000000000036e+01 2.000000000000000000e+00
2.230000000000000071e+01 1.130000000000000071e+01 2.000000000000000000e+00
2.189999999999999858e+01 1.109999999999999964e+01 2.000000000000000000e+00
2.144999999999999929e+01 1.105000000000000071e+01 2.000000000000000000e+00
2.110000000000000142e+01 1.100000000000000000e+01 2.000000000000000000e+00
2.069999999999999929e+01 1.094999999999999929e+01 2.000000000000000000e+00
2.035000000000000142e+01 1.094999999999999929e+01 2.000000000000000000e+00
1.994999999999999929e+01 1.100000000000000000e+01 2.000000000000000000e+00
1.955000000000000071e+01 1.100000000000000000e+01 2.000000000000000000e+00
1.914999999999999858e+01 1.105000000000000071e+01 2.000000000000000000e+00
1.885000000000000142e+01 1.109999999999999964e+01 2.000000000000000000e+00
1.844999999999999929e+01 1.125000000000000000e+01 2.000000000000000000e+00
1.814999999999999858e+01 1.134999999999999964e+01 2.000000000000000000e+00
1.785000000000000142e+01 1.150000000000000000e+01 2.000000000000000000e+00
1.750000000000000000e+01 1.169999999999999929e+01 2.000000000000000000e+00
1.719999999999999929e+01 1.194999999999999929e+01 2.000000000000000000e+00
1.700000000000000000e+01 1.205000000000000071e+01 2.000000000000000000e+00
1.675000000000000000e+01 1.219999999999999929e+01 2.000000000000000000e+00
1.664999999999999858e+01 1.234999999999999964e+01 2.000000000000000000e+00
1.650000000000000000e+01 1.250000000000000000e+01 2.000000000000000000e+00
1.635000000000000142e+01 1.269999999999999929e+01 2.000000000000000000e+00
1.619999999999999929e+01 1.280000000000000071e+01 2.000000000000000000e+00
1.614999999999999858e+01 1.294999999999999929e+01 2.000000000000000000e+00
1.600000000000000000e+01 1.309999999999999964e+01 2.000000000000000000e+00
1.594999999999999929e+01 1.325000000000000000e+01 2.000000000000000000e+00
1.590000000000000036e+01 1.340000000000000036e+01 2.000000000000000000e+00
1.580000000000000071e+01 1.350000000000000000e+01 2.000000000000000000e+00
1.580000000000000071e+01 1.365000000000000036e+01 2.000000000000000000e+00
1.575000000000000000e+01 1.384999999999999964e+01 2.000000000000000000e+00
1.565000000000000036e+01 1.405000000000000071e+01 2.000000000000000000e+00
1.565000000000000036e+01 1.425000000000000000e+01 2.000000000000000000e+00
1.565000000000000036e+01 1.450000000000000000e+01 2.000000000000000000e+00
1.565000000000000036e+01 1.459999999999999964e+01 2.000000000000000000e+00
-1.916479545573055177e+01 -1.713487954067419849e+01 4.000000000000000000e+00
-9.596960657745247758e+00 -2.996809498664902449e+01 4.000000000000000000e+00
-2.104096866034460689e+01 -2.347483478767019704e+01 4.000000000000000000e+00
-2.049502957066192721e+01 -1.899755269882739128e+01 4.000000000000000000e+00
-1.659857835987998342e+01 -2.322012740523579311e+01 4.000000000000000000e+00
-1.495048244166680540e+01 -7.587662650740020887e+00 4.000000000000000000e+00
-2.431941729180368128e+01 -8.729983084644665325e+00 4.000000000000000000e+00
-1.287902096227190185e+01 -4.027701997667708866e+00 4.000000000000000000e+00
-3.016270164329068493e+01 -2.638123646916140075e+01 4.000000000000000000e+00
-7.675413329154162412e+00 -2.059670076316009357e+01 4.000000000000000000e+00
-2.467032642046844160e+01 -1.004146112289727810e+01 4.000000000000000000e+00
-2.457835455533722779e+01 -1.398425645134071971e+01 4.000000000000000000e+00
-1.466052076929828729e+01 -9.835948278903122954e+00 4.000000000000000000e+00
-2.083732573864384818e+01 -7.454350507079937849e+00 4.000000000000000000e+00
-2.001722044198085015e+01 -1.145212748599900188e+01 4.000000000000000000e+00
-1.541530535671959612e+01 -9.538355223190787768e+00 4.000000000000000000e+00
-9.397351863119911997e+00 -2.831231261982176051e+01 4.000000000000000000e+00
-1.209201478368921556e+01 -1.689125596195260570e+01 4.000000000000000000e+00
-1.844636697210905751e+01 -1.365076992400235589e+01 4.000000000000000000e+00
-9.167460846709591493e+00 -1.537787420343214073e+01 4.000000000000000000e+00
-1.400278766495233818e+01 -1.448628374696384746e+01 4.000000000000000000e+00
-2.267817259541840968e+01 -1.058285449551088675e+01 4.000000000000000000e+00
-1.970431101632309989e+01 -1.244169501821685486e+01 4.000000000000000000e+00
-2.766522293382740116e+01 -2.043235936412471432e+01 4.000000000000000000e+00
-2.571973047416494751e+01 -2.843232978840769221e+01 4.000000000000000000e+00
-9.598676697234608923e+00 -1.336040802019273599e+01 4.000000000000000000e+00
-1.194902268077277085e+01 -1.589278134451699032e+01 4.000000000000000000e+00
-1.655806031481805007e+01 -2.156498528077578669e+01 4.000000000000000000e+00
4.286592847333356104e+00 -5.539188236515403929e+00 4.000000000000000000e+00
-1.569669666751708803e+01 -4.529716406594614497e+00 4.000000000000000000e+00
-6.334533620065446513e+00 -1.735129523677955632e+01 4.000000000000000000e+00
-1.190063288263941033e+01 -1.597814310468475263e+01 4.000000000000000000e+00
-1.057040064491658171e+01 -1.887308415338275580e+01 4.000000000000000000e+00
-1.938765994336385035e+01 -2.114226163323418461e+01 4.000000000000000000e+00
-2.152730048696988163e+01 -1.413457753134427364e+01 4.000000000000000000e+00
-1.847042539268325356e+01 -1.227251443430702693e+01 4.000000000000000000e+00
-1.553833808643892667e+01 -7.500100193232234425e+00 4.000000000000000000e+00
-2.571720250222605486e+01 -9.238942386809176455e+00 4.000000000000000000e+00
-4.387127640907934278e+00 -1.234982737458760660e+01 4.000000000000000000e+00
-1.174218201928644589e+01 -1.751932013582967329e+01 4.000000000000000000e+00
-1.743607309626705160e+01 -1.348159748692340898e+01 4.000000000000000000e+00
-1.157329589076501897e+01 -9.500633583811673333e+00 4.000000000000000000e+00
-2.788067951826696245e+01 -1.758113986260495309e+01 4.000000000000000000e+00
-1.016023349634077277e+01 -1.606862105564134069e+01 4.000000000000000000e+00
-1.210619877745786965e+01 -8.927678883038467461e+00 4.000000000000000000e+00
-1.666564458216850753e+01 -1.419817818550524713e+01 4.000000000000000000e+00
-1.765090582802436003e+01 -7.363498855378595387e+00 4.000000000000000000e+00
-2.087356307497668695e+01 -1.371466084571784094e+01 4.000000000000000000e+00
-2.167443294718172453e+01 -7.058674561871738362e+00 4.000000000000000000e+00
-7.134415354785789809e+00 -2.892925639640391822e+01 4.000000000000000000e+00
-1.008292909297622586e+01 -2.501426725647417726e+01 4.000000000000000000e+00
-1.239110670841915685e+01 1.040975733521541713e+00 4.000000000000000000e+00
-4.432452526612978616e+00 -2.219673479150786122e+01 4.000000000000000000e+00
-1.267034801213835138e+01 -2.129482782701904497e+00 4.000000000000000000e+00
-2.281209452053784759e+01 -2.210433880291354214e+01 4.000000000000000000e+00
-5.268634938413663704e+00 -2.120786895662100235e+01 4.000000000000000000e+00
-1.968780126596015378e+01 -5.292749667252945045e+00 4.000000000000000000e+00
-1.032536172113246842e+01 -2.678317621020427453e+01 4.000000000000000000e+00
-1.333262480911697878e+01 -7.582405363266579101e+00 4.000000000000000000e+00
-9.152316881689893435e+00 -9.024327789495774965e+00 4.000000000000000000e+00
-1.611703579557390853e+01 -1.680927393538204129e+01 4.000000000000000000e+00
-2.182023908636547560e+01 -1.114672034873824558e+01 4.000000000000000000e+00
-1.194668754933931965e+01 -2.622778216823485664e+01 4.000000000000000000e+00
-1.332469907097160799e+01 -1.184680507907563296e+01 4.000000000000000000e+00
-1.519672841645003203e+01 -1.957676759169358860e+01 4.000000000000000000e+00
-2.230168792715881310e+01 -3.217177342680854935e+01 4.000000000000000000e+00
-1.343908237138815309e+01 -1.486382225581103533e+01 4.000000000000000000e+00
-2.529280870521440150e+01 -1.163978243891521558e+01 4.000000000000000000e+00
-1.763771441505330273e+01 -9.756306531441243379e+00 4.000000000000000000e+00
-1.003050744653118898e+01 -8.213446120830893094e+00 4.000000000000000000e+00
-1.956364335268348853e+01 -1.845445112129894483e+01 4.000000000000000000e+00
-8.948824110029590884e+00 -1.950230788818872796e+01 4.000000000000000000e+00
-4.868460086138769682e+00 -1.244307957441052537e+01 4.000000000000000000e+00
-8.384042712132433905e+00 -8.364100754451239794e+00 4.000000000000000000e+00
-1.173623113389087891e+01 -1.680906426106164631e+01 4.000000000000000000e+00
-2.614505106365973575e+01 -6.101940864265666065e+00 4.000000000000000000e+00
6.277551149763134219e-01 -1.262070913382310344e+01 4.000000000000000000e+00
-1.964942255696353257e+01 -1.983646123075369871e+01 4.000000000000000000e+00
-1.198094614586086060e+01 -1.873636945861759173e+01 4.000000000000000000e+00
-2.404288538773062101e+01 -2.352490559359473821e+01 4.000000000000000000e+00
-1.607643106392371024e+01 -1.405457477083064255e+01 4.000000000000000000e+00
-2.333910446995785648e+00 -1.902430960189778730e+01 4.000000000000000000e+00
-1.072643532938386457e+01 -1.860917124532976530e+01 4.000000000000000000e+00
-1.165763049913803862e+01 -1.420327056543480282e+01 4.000000000000000000e+00
-1.822920344451609509e+01 -3.060262444786986080e+01 4.000000000000000000e+00
-1.032585484293749722e+01 -2.390112387478872336e+01 4.000000000000000000e+00
-1.467418947385250760e+01 -5.933367248595079246e+00 4.000000000000000000e+00
-2.079664003348881707e+01 -5.316090545342081697e+00 4.000000000000000000e+00
-1.422960223185374495e+01 -1.458268988205727368e+01 4.000000000000000000e+00
-1.836660012609974402e+01 -1.167742736958330241e+01 4.000000000000000000e+00
-2.867454060340661215e+01 -2.424689219655640926e+01 4.000000000000000000e+00
-1.758187130286866307e+01 -5.687475381475369574e+00 4.000000000000000000e+00
-1.247233161677202418e+01 -1.778775910545714467e+01 4.000000000000000000e+00
-1.146755092672444931e+01 -1.550551801137254415e+01 4.000000000000000000e+00
-1.787964482465850580e+01 -1.674478449232655564e+01 4.000000000000000000e+00
-5.149000601635014718e+00 -1.468075252997456204e+01 4.000000000000000000e+00
-1.780906341766976198e+01 -7.369109091945573731e+00 4.000000000000000000e+00
-5.628075706930683708e+00 -1.529004636831203001e+01 4.000000000000000000e+00
-1.755956109027221856e+01 -5.594227638209749998e+00 4.000000000000000000e+00
-1.386574216647663960e+01 -5.865227424010189594e+00 4.000000000000000000e+00
-1.338543071261187656e+01 -1.383206133853949993e+01 4.000000000000000000e+00
-1.783358322916030403e+01 -1.479332891533248784e+01 4.000000000000000000e+00
-9.946122126747191317e+00 3.687143729530713898e+00 4.000000000000000000e+00
-1.718862489738701527e+01 -2.076334302677842203e+01 4.000000000000000000e+00
-1.060278798005788303e+01 -1.408269104205620970e+01 4.000000000000000000e+00
-2.898082347214285193e+01 -1.505919004387240889e+01 4.000000000000000000e+00
-1.454446365311928169e+01 -9.056984438370907498e+00 4.000000000000000000e+00
-2.584739826924887041e+01 -1.134200331425328301e+01 4.000000000000000000e+00
-6.808084848367133901e+00 -3.261468294788980415e+01 4.000000000000000000e+00
-1.513657216469973399e+01 -8.194383204910295149e+00 4.000000000000000000e+00
-2.563019510298761716e+01 -7.551973365382767867e+00 4.000000000000000000e+00
-2.581532325238662295e+01 -2.810654187398941772e+01 4.000000000000000000e+00
-2.124329465197086719e+01 -9.177292148979944386e+00 4.000000000000000000e+00
-4.482756310936245825e+00 -8.611142460066204762e+00 4.000000000000000000e+00
-1.575405196805359154e+01 -5.220770065855319331e+00 4.000000000000000000e+00
-1.749886385274190559e+01 -2.049816846210435983e+01 4.000000000000000000e+00
-2.664307653944405985e+01 -3.274568527030128706e+01 4.000000000000000000e+00
-1.503659488357580543e+01 -1.970366888424608476e+01 4.000000000000000000e+00
-1.507280649040813891e+01 -2.097674091707469657e+01 4.000000000000000000e+00
-2.664895443899680316e+01 -1.027803635394264248e+01 4.000000000000000000e+00
-6.895303823940077237e+00 -1.483303465174143732e+01 4.000000000000000000e+00
-2.334059300390656233e+01 -1.997646379655202864e+01 4.000000000000000000e+00
-1.706660722509253247e+01 -1.316860948026108247e+01 4.000000000000000000e+00
-7.596153623611448857e+00 -1.295692868351014937e+00 4.000000000000000000e+00
-1.506330393330174111e+01 -1.171747306805566247e+01 4.000000000000000000e+00
-6.363609269166213167e+00 -7.514310930002552347e+00 4.000000000000000000e+00
-1.838393590667430999e+01 -1.107672072362690940e+01 4.000000000000000000e+00
-5.114939951499007265e+00 -3.655741482770324069e+00 4.000000000000000000e+00
-1.608854748453054029e+01 -8.073257771930499871e+00 4.000000000000000000e+00
-1.741116518188175633e+01 -1.594461869307931323e+01 4.000000000000000000e+00
-2.735759703444709601e+01 -1.699052653716615779e+01 4.000000000000000000e+00
-6.754129297926642295e+00 -1.432769561997135810e+01 4.000000000000000000e+00
-2.305526218190791354e+01 -1.861098687287430309e+01 4.000000000000000000e+00
-1.738145074071507779e+01 -2.224479981122792793e+01 4.000000000000000000e+00
-1.401345931087591978e+01 -2.189211533473497084e+01 4.000000000000000000e+00
-2.377462367190164727e+01 -9.754357370504029845e+00 4.000000000000000000e+00
-1.759635745997452005e+01 -1.270840659790920313e+01 4.000000000000000000e+00
-2.123529752917047375e+01 -6.923894530304874451e+00 4.000000000000000000e+00
-1.291059584719881315e+01 -1.370822986748778938e+01 4.000000000000000000e+00
-2.826099428364912569e+01 -8.628879278554151711e+00 4.000000000000000000e+00
-4.363231822386671510e+00 -1.132048057083724046e+01 4.000000000000000000e+00
-1.514461211549015829e+01 -2.121651971472002174e+01 4.000000000000000000e+00
-1.502655301290038992e+01 -2.738984243485163717e+01 4.000000000000000000e+00
-1.173573049323188222e+01 -1.107678839594310460e+00 4.000000000000000000e+00
-6.440164257060281727e+00 -2.584488789450883672e+01 4.000000000000000000e+00
-8.605230224767424829e+00 -1.300561009670647294e+01 4.000000000000000000e+00
-1.990013826122187623e+01 -2.564907617881821622e+01 4.000000000000000000e+00
-1.718240080094132693e+01 -8.494297338626772387e+00 4.000000000000000000e+00
-1.054734590116538406e+01 -1.020859384148493199e+01 4.000000000000000000e+00
5.898260847436567644e+00 -2.523339682857589494e+01 4.000000000000000000e+00
